5 0.7872596153846154 0.2920673076923077 0.07091346153846154 0.16346153846153846
2 0.7956730769230769 0.3641826923076923 0.07692307692307693 0.1875
1 0.8173076923076923 0.49038461538461536 0.0625 0.13581730769230768
1 0.7596153846153846 0.203125 0.052884615384615384 0.12740384615384615
3 0.7487980769230769 0.125 0.057692307692307696 0.11658653846153846
3 0.8329326923076923 0.609375 0.07572115384615384 0.12139423076923077
6 0.8485576923076923 0.7391826923076923 0.0733173076923077 0.1310096153846154
6 0.7451923076923077 0.052884615384615384 0.05048076923076923 0.10576923076923077
4 0.6622596153846154 0.054086538461538464 0.040865384615384616 0.09615384615384616
4 0.6682692307692307 0.1346153846153846 0.039663461538461536 0.09375
4 0.6802884615384616 0.21875 0.04326923076923077 0.09615384615384616
4 0.6875 0.3004807692307692 0.042067307692307696 0.09735576923076923
4 0.7007211538461539 0.39783653846153844 0.04807692307692308 0.0985576923076923
4 0.7127403846153846 0.5084134615384616 0.052884615384615384 0.1045673076923077
4 0.7283653846153846 0.6189903846153846 0.04927884615384615 0.11057692307692307
4 0.7439903846153846 0.7427884615384616 0.052884615384615384 0.10817307692307693
11 0.1778846153846154 0.27163461538461536 0.06009615384615385 0.17067307692307693
8 0.16466346153846154 0.359375 0.0673076923076923 0.19591346153846154
7 0.18389423076923078 0.1935096153846154 0.04927884615384615 0.13581730769230768
7 0.15144230769230768 0.48677884615384615 0.055288461538461536 0.13221153846153846
9 0.20072115384615385 0.1141826923076923 0.052884615384615384 0.12740384615384615
9 0.15745192307692307 0.6033653846153846 0.0625 0.14182692307692307
12 0.12980769230769232 0.7524038461538461 0.06850961538461539 0.13581730769230768
12 0.20072115384615385 0.046875 0.04807692307692308 0.09375
10 0.2776442307692308 0.12980769230769232 0.04447115384615385 0.0985576923076923
10 0.27884615384615385 0.04807692307692308 0.040865384615384616 0.09615384615384616
10 0.27524038461538464 0.21394230769230768 0.042067307692307696 0.09735576923076923
10 0.2692307692307692 0.30408653846153844 0.04447115384615385 0.10216346153846154
10 0.2692307692307692 0.40625 0.04567307692307692 0.09975961538461539
10 0.25841346153846156 0.5120192307692307 0.046875 0.09735576923076923
10 0.25600961538461536 0.6153846153846154 0.05048076923076923 0.1045673076923077
10 0.24278846153846154 0.7415865384615384 0.0625 0.11177884615384616