5 0.7908653846153846 0.28725961538461536 0.06971153846153846 0.16105769230769232
2 0.7992788461538461 0.3605769230769231 0.07692307692307693 0.18509615384615385
1 0.8209134615384616 0.4855769230769231 0.06129807692307692 0.1346153846153846
1 0.7632211538461539 0.19951923076923078 0.052884615384615384 0.12620192307692307
3 0.7524038461538461 0.12259615384615384 0.057692307692307696 0.11538461538461539
3 0.8365384615384616 0.6021634615384616 0.07451923076923077 0.1201923076923077
6 0.8521634615384616 0.7307692307692307 0.07211538461538461 0.12980769230769232
6 0.75 0.051682692307692304 0.05048076923076923 0.10336538461538461
4 0.6670673076923077 0.051682692307692304 0.040865384615384616 0.09495192307692307
4 0.6730769230769231 0.13221153846153846 0.039663461538461536 0.09254807692307693
4 0.6850961538461539 0.21514423076923078 0.042067307692307696 0.09615384615384616
4 0.6923076923076923 0.296875 0.040865384615384616 0.09615384615384616
4 0.7055288461538461 0.39302884615384615 0.04807692307692308 0.09735576923076923
4 0.7163461538461539 0.5024038461538461 0.052884615384615384 0.10336538461538461
4 0.7331730769230769 0.6117788461538461 0.04927884615384615 0.109375
4 0.7475961538461539 0.734375 0.052884615384615384 0.10817307692307693
11 0.1875 0.26802884615384615 0.06009615384615385 0.16947115384615385
8 0.17548076923076922 0.3545673076923077 0.0673076923076923 0.19471153846153846
7 0.19471153846153846 0.18990384615384615 0.04807692307692308 0.1346153846153846
7 0.16105769230769232 0.4807692307692308 0.055288461538461536 0.1310096153846154
9 0.21033653846153846 0.11177884615384616 0.051682692307692304 0.12620192307692307
9 0.16826923076923078 0.5961538461538461 0.0625 0.140625
12 0.13942307692307693 0.7439903846153846 0.06850961538461539 0.1346153846153846
12 0.21033653846153846 0.04567307692307692 0.046875 0.09134615384615384
10 0.2860576923076923 0.12740384615384615 0.04326923076923077 0.09735576923076923
10 0.28846153846153844 0.046875 0.040865384615384616 0.09375
10 0.28365384615384615 0.21153846153846154 0.040865384615384616 0.09615384615384616
10 0.27884615384615385 0.29927884615384615 0.04447115384615385 0.10216346153846154
10 0.2776442307692308 0.40024038461538464 0.04567307692307692 0.0985576923076923
10 0.2668269230769231 0.5060096153846154 0.04567307692307692 0.09615384615384616
10 0.265625 0.6081730769230769 0.04927884615384615 0.10336538461538461
10 0.25240384615384615 0.7331730769230769 0.06129807692307692 0.11057692307692307