5 0.7896634615384616 0.2956730769230769 0.06971153846153846 0.16105769230769232
2 0.7980769230769231 0.36899038461538464 0.07692307692307693 0.18509615384615385
1 0.8197115384615384 0.49399038461538464 0.06129807692307692 0.1346153846153846
1 0.7620192307692307 0.20793269230769232 0.052884615384615384 0.12620192307692307
3 0.7512019230769231 0.1310096153846154 0.057692307692307696 0.11538461538461539
3 0.8353365384615384 0.6117788461538461 0.07451923076923077 0.1201923076923077
6 0.8497596153846154 0.7391826923076923 0.07211538461538461 0.12980769230769232
6 0.7487980769230769 0.06009615384615385 0.04927884615384615 0.1045673076923077
4 0.6658653846153846 0.06129807692307692 0.040865384615384616 0.09495192307692307
4 0.671875 0.140625 0.039663461538461536 0.09254807692307693
4 0.6838942307692307 0.22355769230769232 0.042067307692307696 0.09615384615384616
4 0.6911057692307693 0.30528846153846156 0.040865384615384616 0.09615384615384616
4 0.7043269230769231 0.4014423076923077 0.04807692307692308 0.09735576923076923
4 0.7151442307692307 0.5108173076923077 0.052884615384615384 0.10336538461538461
4 0.7307692307692307 0.6201923076923077 0.04927884615384615 0.109375
4 0.7463942307692307 0.7427884615384616 0.052884615384615384 0.10817307692307693
11 0.18629807692307693 0.2764423076923077 0.06009615384615385 0.16947115384615385
8 0.17427884615384615 0.3629807692307692 0.0673076923076923 0.19471153846153846
7 0.19230769230769232 0.19951923076923078 0.04807692307692308 0.1346153846153846
7 0.15985576923076922 0.4891826923076923 0.055288461538461536 0.1310096153846154
9 0.20793269230769232 0.12139423076923077 0.051682692307692304 0.12620192307692307
9 0.1658653846153846 0.6057692307692307 0.0625 0.140625
12 0.13822115384615385 0.7524038461538461 0.06850961538461539 0.1346153846153846
12 0.2091346153846154 0.05048076923076923 0.04807692307692308 0.10096153846153846
10 0.2848557692307692 0.13581730769230768 0.04326923076923077 0.09735576923076923
10 0.2860576923076923 0.052884615384615384 0.039663461538461536 0.09735576923076923
10 0.2824519230769231 0.21995192307692307 0.040865384615384616 0.09615384615384616
10 0.2764423076923077 0.3076923076923077 0.04447115384615385 0.10216346153846154
10 0.2764423076923077 0.40865384615384615 0.04567307692307692 0.0985576923076923
10 0.265625 0.5144230769230769 0.04567307692307692 0.09615384615384616
10 0.2644230769230769 0.6165865384615384 0.04927884615384615 0.10336538461538461
10 0.2512019230769231 0.7415865384615384 0.06129807692307692 0.11057692307692307