10 0.26802884615384615 0.14543269230769232 0.06009615384615385 0.11298076923076923
7 0.4411057692307692 0.4182692307692308 0.06129807692307692 0.14423076923076922
8 0.15384615384615385 0.28846153846153844 0.07932692307692307 0.21153846153846154
11 0.34134615384615385 0.12860576923076922 0.06490384615384616 0.18389423076923078
12 0.4326923076923077 0.3245192307692308 0.0625 0.13221153846153846
9 0.4483173076923077 0.6418269230769231 0.06850961538461539 0.16105769230769232
10 0.25 0.31971153846153844 0.057692307692307696 0.12259615384615384
10 0.3485576923076923 0.5504807692307693 0.06129807692307692 0.12620192307692307
6 0.26322115384615385 0.055288461538461536 0.06009615384615385 0.11057692307692307
3 0.23557692307692307 0.6394230769230769 0.07091346153846154 0.16346153846153846
2 0.7776442307692307 0.28365384615384615 0.09254807692307693 0.2127403846153846
4 0.5420673076923077 0.6586538461538461 0.05889423076923077 0.12379807692307693
4 0.5913461538461539 0.33533653846153844 0.05048076923076923 0.11778846153846154
4 0.609375 0.5300480769230769 0.057692307692307696 0.12860576923076922