10 0.25 0.15625 0.06129807692307692 0.1141826923076923
7 0.4254807692307692 0.4338942307692308 0.0625 0.1466346153846154
8 0.1346153846153846 0.30288461538461536 0.08052884615384616 0.21514423076923078
11 0.3245192307692308 0.13942307692307693 0.06610576923076923 0.1875
12 0.4182692307692308 0.3389423076923077 0.06370192307692307 0.1346153846153846
9 0.4338942307692308 0.6622596153846154 0.06971153846153846 0.16346153846153846
10 0.23197115384615385 0.33413461538461536 0.05889423076923077 0.12379807692307693
10 0.3317307692307692 0.5685096153846154 0.0625 0.12860576923076922
6 0.2439903846153846 0.06129807692307692 0.06129807692307692 0.12139423076923077
3 0.21634615384615385 0.6586538461538461 0.07211538461538461 0.1658653846153846
2 0.7680288461538461 0.296875 0.09375 0.21634615384615385
4 0.5288461538461539 0.6790865384615384 0.06009615384615385 0.125
4 0.5793269230769231 0.34975961538461536 0.051682692307692304 0.11899038461538461
4 0.5961538461538461 0.5480769230769231 0.05889423076923077 0.1310096153846154