10 0.25721153846153844 0.13701923076923078 0.06129807692307692 0.1141826923076923
7 0.4338942307692308 0.41466346153846156 0.0625 0.1466346153846154
8 0.14182692307692307 0.28365384615384615 0.08052884615384616 0.21514423076923078
11 0.3317307692307692 0.1201923076923077 0.06610576923076923 0.1875
12 0.4254807692307692 0.31971153846153844 0.06370192307692307 0.1346153846153846
9 0.4411057692307692 0.6430288461538461 0.06971153846153846 0.16346153846153846
10 0.23918269230769232 0.31490384615384615 0.05889423076923077 0.12379807692307693
10 0.3389423076923077 0.5492788461538461 0.0625 0.12860576923076922
6 0.25240384615384615 0.051682692307692304 0.06129807692307692 0.10216346153846154
3 0.2247596153846154 0.6394230769230769 0.07211538461538461 0.1658653846153846
2 0.7764423076923077 0.2776442307692308 0.09375 0.21634615384615385
4 0.5360576923076923 0.6598557692307693 0.06009615384615385 0.125
4 0.5865384615384616 0.33052884615384615 0.051682692307692304 0.11899038461538461
4 0.6045673076923077 0.5288461538461539 0.05889423076923077 0.1310096153846154