7 0.4338942307692308 0.4266826923076923 0.0625 0.14903846153846154
12 0.42908653846153844 0.3317307692307692 0.0673076923076923 0.13822115384615385
11 0.3389423076923077 0.13701923076923078 0.06850961538461539 0.18269230769230768
9 0.4483173076923077 0.6466346153846154 0.07692307692307693 0.14903846153846154
10 0.3473557692307692 0.5588942307692307 0.056490384615384616 0.12980769230769232
10 0.2668269230769231 0.16105769230769232 0.04927884615384615 0.10817307692307693
10 0.24759615384615385 0.33052884615384615 0.06129807692307692 0.11538461538461539
8 0.15144230769230768 0.296875 0.08173076923076923 0.21514423076923078
6 0.26322115384615385 0.06370192307692307 0.06009615384615385 0.12740384615384615
3 0.22596153846153846 0.6394230769230769 0.08413461538461539 0.1658653846153846
2 0.7680288461538461 0.2932692307692308 0.08533653846153846 0.203125
4 0.5841346153846154 0.3401442307692308 0.054086538461538464 0.1141826923076923
4 0.4206730769230769 0.5348557692307693 0.056490384615384616 0.11778846153846154
4 0.5360576923076923 0.6646634615384616 0.05889423076923077 0.11658653846153846