7 0.4362980769230769 0.41346153846153844 0.06370192307692307 0.15264423076923078
12 0.43149038461538464 0.3161057692307692 0.06850961538461539 0.140625
11 0.3401442307692308 0.11778846153846154 0.07091346153846154 0.18629807692307693
9 0.4519230769230769 0.6382211538461539 0.078125 0.15264423076923078
10 0.34975961538461536 0.5480769230769231 0.057692307692307696 0.13341346153846154
10 0.2668269230769231 0.14302884615384615 0.05048076923076923 0.109375
10 0.24759615384615385 0.31490384615384615 0.06370192307692307 0.11778846153846154
8 0.14903846153846154 0.28125 0.08413461538461539 0.21875
6 0.2620192307692308 0.054086538461538464 0.0625 0.10817307692307693
3 0.2247596153846154 0.6310096153846154 0.08533653846153846 0.16947115384615385
2 0.7776442307692307 0.2776442307692308 0.08774038461538461 0.20793269230769232
4 0.5901442307692307 0.32572115384615385 0.055288461538461536 0.11658653846153846
4 0.42427884615384615 0.5240384615384616 0.057692307692307696 0.1201923076923077
4 0.5408653846153846 0.6574519230769231 0.06009615384615385 0.11899038461538461