7 0.4338942307692308 0.42427884615384615 0.0625 0.14903846153846154
12 0.42908653846153844 0.3293269230769231 0.0673076923076923 0.13822115384615385
11 0.3389423076923077 0.1346153846153846 0.06850961538461539 0.18269230769230768
9 0.4483173076923077 0.6442307692307693 0.07692307692307693 0.14903846153846154
10 0.3473557692307692 0.5564903846153846 0.056490384615384616 0.12980769230769232
10 0.2668269230769231 0.15865384615384615 0.04927884615384615 0.10817307692307693
10 0.24759615384615385 0.328125 0.06129807692307692 0.11538461538461539
8 0.15144230769230768 0.29447115384615385 0.08173076923076923 0.21514423076923078
6 0.26322115384615385 0.0625 0.06009615384615385 0.125
3 0.22596153846153846 0.6370192307692307 0.08413461538461539 0.1658653846153846
2 0.7680288461538461 0.29086538461538464 0.08533653846153846 0.203125
4 0.5841346153846154 0.33774038461538464 0.054086538461538464 0.1141826923076923
4 0.4206730769230769 0.5324519230769231 0.056490384615384616 0.11778846153846154
4 0.5360576923076923 0.6634615384615384 0.05889423076923077 0.11658653846153846