2 0.6971153846153846 0.2980769230769231 0.08774038461538461 0.21153846153846154
11 0.7427884615384616 0.12139423076923077 0.08173076923076923 0.17668269230769232
7 0.4423076923076923 0.4230769230769231 0.0625 0.15264423076923078
12 0.43509615384615385 0.3269230769230769 0.07211538461538461 0.13942307692307693
6 0.26802884615384615 0.05889423076923077 0.057692307692307696 0.11778846153846154
8 0.15865384615384615 0.29086538461538464 0.08533653846153846 0.21754807692307693
10 0.27163461538461536 0.1466346153846154 0.06009615384615385 0.11538461538461539
10 0.35336538461538464 0.5504807692307693 0.0625 0.11658653846153846
10 0.2536057692307692 0.3233173076923077 0.056490384615384616 0.12139423076923077
4 0.34375 0.42908653846153844 0.057692307692307696 0.11538461538461539
4 0.5925480769230769 0.33052884615384615 0.057692307692307696 0.11658653846153846
4 0.5444711538461539 0.6586538461538461 0.055288461538461536 0.12139423076923077