2 0.7007211538461539 0.3137019230769231 0.08774038461538461 0.21153846153846154
11 0.7463942307692307 0.13701923076923078 0.08173076923076923 0.17668269230769232
7 0.44591346153846156 0.43990384615384615 0.0625 0.15264423076923078
12 0.4387019230769231 0.3425480769230769 0.07211538461538461 0.13942307692307693
6 0.2704326923076923 0.0673076923076923 0.057692307692307696 0.13221153846153846
8 0.1622596153846154 0.3076923076923077 0.08533653846153846 0.21754807692307693
10 0.27524038461538464 0.16346153846153846 0.06009615384615385 0.11538461538461539
10 0.35697115384615385 0.5673076923076923 0.0625 0.11658653846153846
10 0.25721153846153844 0.3389423076923077 0.056490384615384616 0.12139423076923077
4 0.3473557692307692 0.44471153846153844 0.057692307692307696 0.11538461538461539
4 0.5961538461538461 0.3473557692307692 0.057692307692307696 0.11658653846153846
4 0.5480769230769231 0.6754807692307693 0.055288461538461536 0.12139423076923077