2 0.7139423076923077 0.31490384615384615 0.0889423076923077 0.2127403846153846
11 0.7608173076923077 0.13701923076923078 0.08173076923076923 0.1778846153846154
7 0.4567307692307692 0.4423076923076923 0.06370192307692307 0.15504807692307693
12 0.45072115384615385 0.3449519230769231 0.07211538461538461 0.140625
6 0.2800480769230769 0.0673076923076923 0.05889423076923077 0.13341346153846154
8 0.17067307692307693 0.3088942307692308 0.08653846153846154 0.21875
10 0.2848557692307692 0.1622596153846154 0.06009615384615385 0.11658653846153846
10 0.36658653846153844 0.5709134615384616 0.0625 0.11778846153846154
10 0.2668269230769231 0.34134615384615385 0.056490384615384616 0.12259615384615384
4 0.35697115384615385 0.44711538461538464 0.057692307692307696 0.11658653846153846
4 0.609375 0.3485576923076923 0.057692307692307696 0.11778846153846154
4 0.5600961538461539 0.6802884615384616 0.055288461538461536 0.12259615384615384