2 0.7704326923076923 0.3004807692307692 0.08533653846153846 0.203125
12 0.4338942307692308 0.33653846153846156 0.06490384615384616 0.13822115384615385
9 0.35216346153846156 0.4254807692307692 0.06610576923076923 0.14903846153846154
7 0.4423076923076923 0.43149038461538464 0.05889423076923077 0.15625
11 0.3473557692307692 0.14302884615384615 0.06850961538461539 0.17908653846153846
8 0.1658653846153846 0.30288461538461536 0.08052884615384616 0.21634615384615385
10 0.27403846153846156 0.1658653846153846 0.057692307692307696 0.10576923076923077
10 0.25841346153846156 0.3389423076923077 0.055288461538461536 0.11538461538461539
10 0.3545673076923077 0.5612980769230769 0.057692307692307696 0.12139423076923077
6 0.2704326923076923 0.06850961538461539 0.0625 0.13341346153846154
4 0.5925480769230769 0.34615384615384615 0.052884615384615384 0.11899038461538461
4 0.42908653846153844 0.5420673076923077 0.05889423076923077 0.11057692307692307
4 0.5444711538461539 0.6670673076923077 0.06129807692307692 0.1201923076923077