2 0.7800480769230769 0.28846153846153844 0.08653846153846154 0.20793269230769232
12 0.4362980769230769 0.3245192307692308 0.06610576923076923 0.140625
9 0.35336538461538464 0.41586538461538464 0.0673076923076923 0.15144230769230768
7 0.44471153846153844 0.421875 0.06009615384615385 0.15985576923076922
11 0.3473557692307692 0.12740384615384615 0.06971153846153846 0.18269230769230768
8 0.16346153846153846 0.28966346153846156 0.08173076923076923 0.21995192307692307
10 0.27283653846153844 0.1502403846153846 0.05889423076923077 0.10817307692307693
10 0.25721153846153844 0.3269230769230769 0.056490384615384616 0.11778846153846154
10 0.3557692307692308 0.5540865384615384 0.05889423076923077 0.12379807692307693
6 0.2704326923076923 0.06009615384615385 0.06490384615384616 0.1201923076923077
4 0.5985576923076923 0.33413461538461536 0.054086538461538464 0.12139423076923077
4 0.43149038461538464 0.5336538461538461 0.06009615384615385 0.11298076923076923
4 0.5492788461538461 0.6622596153846154 0.0625 0.12259615384615384