2 0.7608173076923077 0.2776442307692308 0.08774038461538461 0.21033653846153846
12 0.4110576923076923 0.31490384615384615 0.0673076923076923 0.14302884615384615
9 0.3269230769230769 0.4074519230769231 0.06850961538461539 0.15384615384615385
7 0.4206730769230769 0.41346153846153844 0.06129807692307692 0.1622596153846154
11 0.32211538461538464 0.1141826923076923 0.07091346153846154 0.18509615384615385
8 0.13341346153846154 0.2800480769230769 0.0829326923076923 0.22355769230769232
10 0.24519230769230768 0.13822115384615385 0.06009615384615385 0.109375
10 0.22956730769230768 0.3173076923076923 0.057692307692307696 0.11899038461538461
10 0.3293269230769231 0.5480769230769231 0.05889423076923077 0.125
6 0.24278846153846154 0.054086538461538464 0.06610576923076923 0.10697115384615384
4 0.5757211538461539 0.3245192307692308 0.055288461538461536 0.12379807692307693
4 0.4074519230769231 0.5276442307692307 0.06129807692307692 0.1141826923076923
4 0.5264423076923077 0.6574519230769231 0.0625 0.12379807692307693