5 0.8028846153846154 0.2860576923076923 0.06850961538461539 0.15865384615384615
2 0.8076923076923077 0.36177884615384615 0.07211538461538461 0.19230769230769232
1 0.7271634615384616 0.6153846153846154 0.055288461538461536 0.14182692307692307
1 0.7704326923076923 0.1971153846153846 0.051682692307692304 0.13942307692307693
12 0.859375 0.7367788461538461 0.07451923076923077 0.14182692307692307
12 0.7596153846153846 0.056490384615384616 0.052884615384615384 0.11298076923076923
3 0.4495192307692308 0.38822115384615385 0.057692307692307696 0.1346153846153846
3 0.6045673076923077 0.11538461538461539 0.04807692307692308 0.1346153846153846
4 0.6814903846153846 0.13221153846153846 0.040865384615384616 0.08653846153846154
4 0.6742788461538461 0.046875 0.04567307692307692 0.09375
4 0.7259615384615384 0.5048076923076923 0.04927884615384615 0.10096153846153846
4 0.7139423076923077 0.39663461538461536 0.04807692307692308 0.10336538461538461
4 0.6899038461538461 0.2127403846153846 0.04326923076923077 0.10336538461538461
4 0.5276442307692307 0.29086538461538464 0.040865384615384616 0.10697115384615384
4 0.6298076923076923 0.6165865384615384 0.05048076923076923 0.11177884615384616
4 0.6598557692307693 0.7439903846153846 0.054086538461538464 0.11778846153846154
12 0.20793269230769232 0.04567307692307692 0.055288461538461536 0.09134615384615384
12 0.25600961538461536 0.7463942307692307 0.06850961538461539 0.13701923076923078
8 0.171875 0.3557692307692308 0.07572115384615384 0.20192307692307693
11 0.18629807692307693 0.2668269230769231 0.07451923076923077 0.171875
7 0.15985576923076922 0.4855769230769231 0.06370192307692307 0.14302884615384615
7 0.36778846153846156 0.046875 0.051682692307692304 0.09375
9 0.3701923076923077 0.18389423076923078 0.056490384615384616 0.13822115384615385
9 0.16826923076923078 0.6009615384615384 0.0733173076923077 0.14302884615384615
10 0.4579326923076923 0.7391826923076923 0.055288461538461536 0.11057692307692307
10 0.26802884615384615 0.5072115384615384 0.04807692307692308 0.10096153846153846
10 0.2668269230769231 0.6141826923076923 0.05889423076923077 0.10817307692307693
10 0.27884615384615385 0.40384615384615385 0.04807692307692308 0.10697115384615384
10 0.44591346153846156 0.2920673076923077 0.04567307692307692 0.09975961538461539
10 0.4375 0.12740384615384615 0.04567307692307692 0.09735576923076923
10 0.2848557692307692 0.2091346153846154 0.04567307692307692 0.10576923076923077
10 0.28966346153846156 0.04807692307692308 0.046875 0.09615384615384616