5 0.8088942307692307 0.2932692307692308 0.06971153846153846 0.16105769230769232
2 0.8149038461538461 0.36899038461538464 0.07211538461538461 0.19471153846153846
1 0.7331730769230769 0.6262019230769231 0.056490384615384616 0.14423076923076922
1 0.7776442307692307 0.20432692307692307 0.051682692307692304 0.140625
12 0.8665865384615384 0.7487980769230769 0.07572115384615384 0.14423076923076922
12 0.765625 0.05889423076923077 0.051682692307692304 0.11658653846153846
3 0.453125 0.3954326923076923 0.05889423076923077 0.13581730769230768
3 0.609375 0.1201923076923077 0.04927884615384615 0.13701923076923078
4 0.6862980769230769 0.13822115384615385 0.040865384615384616 0.08774038461538461
4 0.6790865384615384 0.04927884615384615 0.04447115384615385 0.09735576923076923
4 0.7319711538461539 0.5144230769230769 0.04927884615384615 0.10216346153846154
4 0.7199519230769231 0.4050480769230769 0.04927884615384615 0.1045673076923077
4 0.6959134615384616 0.21995192307692307 0.04447115384615385 0.1045673076923077
4 0.53125 0.2980769230769231 0.040865384615384616 0.10817307692307693
4 0.6346153846153846 0.6274038461538461 0.051682692307692304 0.11298076923076923
4 0.6646634615384616 0.7560096153846154 0.055288461538461536 0.11899038461538461
12 0.20793269230769232 0.04807692307692308 0.056490384615384616 0.09615384615384616
12 0.25721153846153844 0.7584134615384616 0.06850961538461539 0.13822115384615385
8 0.171875 0.3629807692307692 0.07692307692307693 0.20432692307692307
11 0.18629807692307693 0.27403846153846156 0.07572115384615384 0.17427884615384615
7 0.15985576923076922 0.49399038461538464 0.06490384615384616 0.14423076923076922
7 0.3701923076923077 0.04927884615384615 0.052884615384615384 0.0985576923076923
9 0.37259615384615385 0.18990384615384615 0.056490384615384616 0.13942307692307693
9 0.16826923076923078 0.6117788461538461 0.0733173076923077 0.14423076923076922
10 0.46153846153846156 0.7512019230769231 0.055288461538461536 0.11177884615384616
10 0.2692307692307692 0.5168269230769231 0.04807692307692308 0.10216346153846154
10 0.26802884615384615 0.625 0.05889423076923077 0.109375
10 0.2800480769230769 0.41225961538461536 0.04807692307692308 0.10817307692307693
10 0.4483173076923077 0.29927884615384615 0.04567307692307692 0.10096153846153846
10 0.4411057692307692 0.13221153846153846 0.04567307692307692 0.0985576923076923
10 0.28725961538461536 0.21514423076923078 0.04567307692307692 0.10697115384615384
10 0.29086538461538464 0.05048076923076923 0.046875 0.10096153846153846