8 0.15865384615384615 0.4074519230769231 0.07572115384615384 0.20673076923076922
12 0.19471153846153846 0.08774038461538461 0.05889423076923077 0.12740384615384615
7 0.18389423076923078 0.14903846153846154 0.06009615384615385 0.1502403846153846
7 0.140625 0.6706730769230769 0.07572115384615384 0.14543269230769232
9 0.16105769230769232 0.5492788461538461 0.0625 0.14182692307692307
9 0.3485576923076923 0.328125 0.054086538461538464 0.1346153846153846
11 0.3425480769230769 0.1466346153846154 0.06490384615384616 0.1778846153846154
10 0.41466346153846156 0.08413461538461539 0.04927884615384615 0.11057692307692307
10 0.41586538461538464 0.24759615384615385 0.05048076923076923 0.10697115384615384
10 0.27283653846153844 0.1658653846153846 0.04927884615384615 0.109375
10 0.25961538461538464 0.3401442307692308 0.051682692307692304 0.109375
10 0.25961538461538464 0.4423076923076923 0.057692307692307696 0.11057692307692307
10 0.24519230769230768 0.671875 0.06370192307692307 0.11658653846153846
5 0.5204326923076923 0.421875 0.06370192307692307 0.18870192307692307
1 0.3581730769230769 0.546875 0.0625 0.14903846153846154
3 0.5961538461538461 0.33774038461538464 0.06129807692307692 0.14543269230769232
3 0.6394230769230769 0.6574519230769231 0.06610576923076923 0.1658653846153846
2 0.7764423076923077 0.2956730769230769 0.07932692307692307 0.19951923076923078
1 0.6526442307692307 0.08413461538461539 0.055288461538461536 0.13942307692307693
6 0.7355769230769231 0.08413461538461539 0.056490384615384616 0.12740384615384615
6 0.8100961538461539 0.5432692307692307 0.06971153846153846 0.14543269230769232
4 0.7451923076923077 0.7908653846153846 0.06129807692307692 0.1141826923076923
4 0.6862980769230769 0.34615384615384615 0.05048076923076923 0.10697115384615384
4 0.5793269230769231 0.17548076923076922 0.04927884615384615 0.11298076923076923
4 0.515625 0.2620192307692308 0.04807692307692308 0.10817307692307693
4 0.609375 0.5396634615384616 0.052884615384615384 0.11538461538461539
4 0.5420673076923077 0.6730769230769231 0.052884615384615384 0.1201923076923077