8 0.15625 0.4026442307692308 0.07572115384615384 0.20673076923076922
12 0.19230769230769232 0.08413461538461539 0.05889423076923077 0.12740384615384615
7 0.1814903846153846 0.14423076923076922 0.06009615384615385 0.1502403846153846
7 0.13942307692307693 0.6658653846153846 0.07572115384615384 0.14543269230769232
9 0.15865384615384615 0.5444711538461539 0.0625 0.14182692307692307
9 0.34615384615384615 0.3245192307692308 0.054086538461538464 0.1346153846153846
11 0.34134615384615385 0.14302884615384615 0.06490384615384616 0.1778846153846154
10 0.41225961538461536 0.07932692307692307 0.04927884615384615 0.11057692307692307
10 0.41466346153846156 0.24278846153846154 0.05048076923076923 0.10697115384615384
10 0.2704326923076923 0.16105769230769232 0.04927884615384615 0.109375
10 0.25721153846153844 0.33533653846153844 0.051682692307692304 0.109375
10 0.25721153846153844 0.4375 0.057692307692307696 0.11057692307692307
10 0.24278846153846154 0.6670673076923077 0.06370192307692307 0.11658653846153846
5 0.5192307692307693 0.4170673076923077 0.06370192307692307 0.18870192307692307
1 0.3557692307692308 0.5420673076923077 0.0625 0.14903846153846154
3 0.59375 0.3329326923076923 0.06129807692307692 0.14543269230769232
3 0.6370192307692307 0.6526442307692307 0.06610576923076923 0.1658653846153846
2 0.7740384615384616 0.29086538461538464 0.07932692307692307 0.19951923076923078
1 0.6502403846153846 0.07932692307692307 0.055288461538461536 0.13942307692307693
6 0.7331730769230769 0.07932692307692307 0.056490384615384616 0.12740384615384615
6 0.8076923076923077 0.5384615384615384 0.06971153846153846 0.14543269230769232
4 0.7427884615384616 0.7860576923076923 0.06129807692307692 0.1141826923076923
4 0.6850961538461539 0.34134615384615385 0.05048076923076923 0.10697115384615384
4 0.5769230769230769 0.17067307692307693 0.04927884615384615 0.11298076923076923
4 0.5132211538461539 0.25841346153846156 0.04807692307692308 0.10817307692307693
4 0.6069711538461539 0.5348557692307693 0.052884615384615384 0.11538461538461539
4 0.5408653846153846 0.6682692307692307 0.052884615384615384 0.1201923076923077