8 0.1622596153846154 0.4098557692307692 0.07692307692307693 0.20793269230769232
12 0.19831730769230768 0.0889423076923077 0.05889423076923077 0.12860576923076922
7 0.18870192307692307 0.1502403846153846 0.06009615384615385 0.15144230769230768
7 0.14543269230769232 0.6754807692307693 0.07572115384615384 0.14543269230769232
9 0.16466346153846154 0.5528846153846154 0.0625 0.14182692307692307
9 0.35336538461538464 0.33052884615384615 0.055288461538461536 0.13581730769230768
11 0.3485576923076923 0.14903846153846154 0.06490384615384616 0.17908653846153846
10 0.41947115384615385 0.08533653846153846 0.04927884615384615 0.11057692307692307
10 0.421875 0.24879807692307693 0.05048076923076923 0.10817307692307693
10 0.2764423076923077 0.16706730769230768 0.04927884615384615 0.11057692307692307
10 0.26322115384615385 0.3425480769230769 0.051682692307692304 0.109375
10 0.2644230769230769 0.44591346153846156 0.057692307692307696 0.11177884615384616
10 0.25 0.6754807692307693 0.06370192307692307 0.11658653846153846
5 0.5264423076923077 0.4254807692307692 0.06370192307692307 0.18990384615384615
1 0.3629807692307692 0.5504807692307693 0.0625 0.1502403846153846
3 0.6021634615384616 0.3401442307692308 0.06129807692307692 0.1466346153846154
3 0.6454326923076923 0.6622596153846154 0.0673076923076923 0.16706730769230768
2 0.7836538461538461 0.2980769230769231 0.08052884615384616 0.20072115384615385
1 0.6586538461538461 0.08533653846153846 0.055288461538461536 0.140625
6 0.7427884615384616 0.08533653846153846 0.056490384615384616 0.12860576923076922
6 0.8173076923076923 0.546875 0.06971153846153846 0.1466346153846154
4 0.7524038461538461 0.7956730769230769 0.06129807692307692 0.11538461538461539
4 0.6935096153846154 0.3485576923076923 0.05048076923076923 0.10817307692307693
4 0.5853365384615384 0.17668269230769232 0.04927884615384615 0.1141826923076923
4 0.5204326923076923 0.2644230769230769 0.04807692307692308 0.109375
4 0.6153846153846154 0.5432692307692307 0.052884615384615384 0.11658653846153846
4 0.5480769230769231 0.6766826923076923 0.052884615384615384 0.12139423076923077