6 0.8545673076923077 0.7848557692307693 0.0733173076923077 0.13341346153846154
6 0.7367788461538461 0.07451923076923077 0.054086538461538464 0.109375
5 0.7091346153846154 0.4098557692307692 0.06370192307692307 0.171875
2 0.7752403846153846 0.29447115384615385 0.07932692307692307 0.19471153846153846
3 0.8209134615384616 0.5420673076923077 0.07091346153846154 0.13341346153846154
3 0.6081730769230769 0.33774038461538464 0.06009615384615385 0.1346153846153846
1 0.7451923076923077 0.1502403846153846 0.055288461538461536 0.13581730769230768
1 0.5204326923076923 0.3269230769230769 0.04807692307692308 0.13701923076923078
4 0.7463942307692307 0.7872596153846154 0.05889423076923077 0.1141826923076923
4 0.6850961538461539 0.3401442307692308 0.04567307692307692 0.1045673076923077
4 0.5769230769230769 0.171875 0.04447115384615385 0.109375
4 0.5084134615384616 0.08173076923076923 0.042067307692307696 0.10216346153846154
4 0.5132211538461539 0.25841346153846156 0.04326923076923077 0.1045673076923077
4 0.5336538461538461 0.44350961538461536 0.04567307692307692 0.10576923076923077
4 0.6009615384615384 0.5444711538461539 0.046875 0.11298076923076923
4 0.5444711538461539 0.6682692307692307 0.051682692307692304 0.12139423076923077
8 0.1622596153846154 0.4014423076923077 0.07451923076923077 0.19591346153846154
9 0.35096153846153844 0.3269230769230769 0.057692307692307696 0.13701923076923078
9 0.15745192307692307 0.5444711538461539 0.06850961538461539 0.13341346153846154
12 0.3473557692307692 0.7800480769230769 0.06610576923076923 0.14182692307692307
12 0.19591346153846154 0.08413461538461539 0.05048076923076923 0.12139423076923077
7 0.18389423076923078 0.1466346153846154 0.055288461538461536 0.14423076923076922
7 0.14182692307692307 0.6658653846153846 0.0625 0.14182692307692307
11 0.27403846153846156 0.21514423076923078 0.0673076923076923 0.16706730769230768
10 0.27283653846153844 0.1622596153846154 0.040865384615384616 0.10576923076923077
10 0.25961538461538464 0.3329326923076923 0.04447115384615385 0.10336538461538461
10 0.41346153846153844 0.078125 0.04326923076923077 0.1045673076923077
10 0.41586538461538464 0.24158653846153846 0.046875 0.10817307692307693
10 0.25841346153846156 0.4362980769230769 0.05048076923076923 0.1045673076923077
10 0.24639423076923078 0.6682692307692307 0.054086538461538464 0.109375
10 0.4483173076923077 0.7896634615384616 0.055288461538461536 0.11658653846153846
10 0.43028846153846156 0.5588942307692307 0.05048076923076923 0.11177884615384616