6 0.8461538461538461 0.7908653846153846 0.07451923076923077 0.13581730769230768
6 0.7259615384615384 0.0673076923076923 0.055288461538461536 0.11177884615384616
5 0.6971153846153846 0.40865384615384615 0.06490384615384616 0.17427884615384615
2 0.765625 0.29086538461538464 0.08052884615384616 0.19951923076923078
3 0.8112980769230769 0.5432692307692307 0.07211538461538461 0.13581730769230768
3 0.5949519230769231 0.33413461538461536 0.06129807692307692 0.13822115384615385
1 0.734375 0.14423076923076922 0.056490384615384616 0.13942307692307693
1 0.5060096153846154 0.3245192307692308 0.04927884615384615 0.140625
4 0.7355769230769231 0.7932692307692307 0.06009615384615385 0.11658653846153846
4 0.6730769230769231 0.33774038461538464 0.04567307692307692 0.10697115384615384
4 0.5625 0.1658653846153846 0.04567307692307692 0.11177884615384616
4 0.49278846153846156 0.07451923076923077 0.04326923076923077 0.10336538461538461
4 0.49759615384615385 0.2548076923076923 0.04326923076923077 0.10697115384615384
4 0.5180288461538461 0.44350961538461536 0.046875 0.10817307692307693
4 0.5877403846153846 0.5456730769230769 0.04807692307692308 0.1141826923076923
4 0.5300480769230769 0.671875 0.052884615384615384 0.12379807692307693
8 0.13942307692307693 0.40024038461538464 0.07692307692307693 0.19951923076923078
9 0.3329326923076923 0.3245192307692308 0.05889423076923077 0.13942307692307693
9 0.1346153846153846 0.546875 0.07091346153846154 0.13581730769230768
12 0.328125 0.7860576923076923 0.0673076923076923 0.14423076923076922
12 0.17427884615384615 0.07572115384615384 0.051682692307692304 0.12379807692307693
7 0.16105769230769232 0.13942307692307693 0.056490384615384616 0.1466346153846154
7 0.11778846153846154 0.6694711538461539 0.06370192307692307 0.14543269230769232
11 0.2536057692307692 0.21033653846153846 0.06850961538461539 0.16947115384615385
10 0.25240384615384615 0.15625 0.042067307692307696 0.10817307692307693
10 0.23918269230769232 0.33052884615384615 0.04567307692307692 0.10576923076923077
10 0.39663461538461536 0.07091346153846154 0.04447115384615385 0.10697115384615384
10 0.39903846153846156 0.23677884615384615 0.04807692307692308 0.11057692307692307
10 0.23677884615384615 0.43509615384615385 0.05048076923076923 0.10697115384615384
10 0.2247596153846154 0.6730769230769231 0.054086538461538464 0.11177884615384616
10 0.43149038461538464 0.796875 0.056490384615384616 0.11899038461538461
10 0.41225961538461536 0.5600961538461539 0.05048076923076923 0.1141826923076923