6 0.8533653846153846 0.7848557692307693 0.07211538461538461 0.13341346153846154
6 0.7355769230769231 0.07932692307692307 0.054086538461538464 0.109375
5 0.7079326923076923 0.41225961538461536 0.06370192307692307 0.17067307692307693
2 0.7752403846153846 0.2980769230769231 0.07932692307692307 0.1935096153846154
3 0.8197115384615384 0.5432692307692307 0.07091346153846154 0.13221153846153846
3 0.609375 0.3401442307692308 0.05889423076923077 0.1346153846153846
1 0.7451923076923077 0.15504807692307693 0.055288461538461536 0.13581730769230768
1 0.5216346153846154 0.33052884615384615 0.04807692307692308 0.13701923076923078
4 0.7463942307692307 0.7872596153846154 0.05889423076923077 0.1141826923076923
4 0.6850961538461539 0.3425480769230769 0.04447115384615385 0.10336538461538461
4 0.578125 0.17548076923076922 0.04447115384615385 0.109375
4 0.5084134615384616 0.08653846153846154 0.042067307692307696 0.10096153846153846
4 0.5144230769230769 0.2620192307692308 0.04326923076923077 0.10336538461538461
4 0.5336538461538461 0.44591346153846156 0.04567307692307692 0.10576923076923077
4 0.6021634615384616 0.5456730769230769 0.046875 0.11177884615384616
4 0.5456730769230769 0.6694711538461539 0.051682692307692304 0.12139423076923077
8 0.16466346153846154 0.40384615384615385 0.07451923076923077 0.19471153846153846
9 0.35336538461538464 0.33052884615384615 0.057692307692307696 0.13581730769230768
9 0.16105769230769232 0.546875 0.06850961538461539 0.13341346153846154
12 0.3485576923076923 0.7800480769230769 0.06610576923076923 0.140625
12 0.19951923076923078 0.08774038461538461 0.05048076923076923 0.1201923076923077
7 0.18629807692307693 0.1502403846153846 0.054086538461538464 0.14302884615384615
7 0.14423076923076922 0.6670673076923077 0.06129807692307692 0.14182692307692307
11 0.27524038461538464 0.21875 0.0673076923076923 0.1658653846153846
10 0.27403846153846156 0.1658653846153846 0.040865384615384616 0.10576923076923077
10 0.2620192307692308 0.33653846153846156 0.04447115384615385 0.10216346153846154
10 0.41586538461538464 0.0829326923076923 0.04326923076923077 0.1045673076923077
10 0.4182692307692308 0.2439903846153846 0.046875 0.10697115384615384
10 0.2608173076923077 0.4387019230769231 0.04927884615384615 0.10336538461538461
10 0.24759615384615385 0.6694711538461539 0.052884615384615384 0.109375
10 0.4495192307692308 0.7908653846153846 0.054086538461538464 0.11658653846153846
10 0.43149038461538464 0.5600961538461539 0.04927884615384615 0.11177884615384616