2 0.7872596153846154 0.2980769230769231 0.08653846153846154 0.22235576923076922
6 0.5817307692307693 0.08052884615384616 0.06009615384615385 0.13701923076923078
1 0.5204326923076923 0.23076923076923078 0.07091346153846154 0.16105769230769232
4 0.6983173076923077 0.3449519230769231 0.056490384615384616 0.11899038461538461
4 0.6213942307692307 0.5492788461538461 0.06009615384615385 0.125
4 0.5564903846153846 0.6742788461538461 0.06129807692307692 0.13221153846153846
4 0.4266826923076923 0.1778846153846154 0.06009615384615385 0.12259615384615384
3 0.3557692307692308 0.44350961538461536 0.0733173076923077 0.15745192307692307
3 0.24519230769230768 0.6502403846153846 0.07692307692307693 0.16706730769230768
9 0.23557692307692307 0.8004807692307693 0.078125 0.15865384615384615
12 0.19831730769230768 0.08413461538461539 0.0673076923076923 0.13341346153846154
11 0.35216346153846156 0.14302884615384615 0.0673076923076923 0.18389423076923078
8 0.16466346153846154 0.30528846153846156 0.08774038461538461 0.2091346153846154
7 0.44711538461538464 0.43149038461538464 0.06370192307692307 0.16346153846153846
10 0.3557692307692308 0.3293269230769231 0.054086538461538464 0.11658653846153846
10 0.27884615384615385 0.16346153846153846 0.057692307692307696 0.11298076923076923
10 0.2644230769230769 0.3389423076923077 0.06129807692307692 0.12379807692307693
10 0.359375 0.5709134615384616 0.07091346153846154 0.12860576923076922