2 0.7704326923076923 0.28725961538461536 0.08533653846153846 0.21995192307692307
6 0.5685096153846154 0.0733173076923077 0.05889423076923077 0.1346153846153846
1 0.5084134615384616 0.22115384615384615 0.06971153846153846 0.15865384615384615
4 0.6826923076923077 0.3329326923076923 0.055288461538461536 0.11778846153846154
4 0.6081730769230769 0.5348557692307693 0.06009615384615385 0.12379807692307693
4 0.5432692307692307 0.6586538461538461 0.06009615384615385 0.12980769230769232
4 0.41586538461538464 0.16947115384615385 0.05889423076923077 0.12139423076923077
3 0.3449519230769231 0.43028846153846156 0.07211538461538461 0.15504807692307693
3 0.23677884615384615 0.6334134615384616 0.07572115384615384 0.16466346153846154
9 0.22716346153846154 0.7824519230769231 0.07692307692307693 0.15625
12 0.18990384615384615 0.07692307692307693 0.06610576923076923 0.13221153846153846
11 0.34134615384615385 0.1346153846153846 0.06610576923076923 0.1814903846153846
8 0.15745192307692307 0.29447115384615385 0.08653846153846154 0.20552884615384615
7 0.4362980769230769 0.41947115384615385 0.06370192307692307 0.16105769230769232
10 0.3449519230769231 0.3173076923076923 0.052884615384615384 0.11538461538461539
10 0.2692307692307692 0.15384615384615385 0.057692307692307696 0.11177884615384616
10 0.25600961538461536 0.3269230769230769 0.06009615384615385 0.12259615384615384
10 0.3485576923076923 0.5564903846153846 0.06971153846153846 0.12740384615384615