2 0.7620192307692307 0.30649038461538464 0.08774038461538461 0.22355769230769232
6 0.5552884615384616 0.08774038461538461 0.06009615384615385 0.13822115384615385
1 0.49399038461538464 0.23918269230769232 0.07091346153846154 0.16105769230769232
4 0.6730769230769231 0.35336538461538464 0.056490384615384616 0.1201923076923077
4 0.5961538461538461 0.5588942307692307 0.06129807692307692 0.12620192307692307
4 0.5300480769230769 0.6850961538461539 0.06129807692307692 0.13341346153846154
4 0.39903846153846156 0.18629807692307693 0.06009615384615385 0.12379807692307693
3 0.328125 0.4519230769230769 0.07451923076923077 0.15865384615384615
3 0.21634615384615385 0.6598557692307693 0.078125 0.16706730769230768
9 0.20793269230769232 0.8112980769230769 0.07932692307692307 0.15985576923076922
12 0.16947115384615385 0.09134615384615384 0.0673076923076923 0.1346153846153846
11 0.3245192307692308 0.15144230769230768 0.0673076923076923 0.18509615384615385
8 0.13581730769230768 0.3137019230769231 0.0889423076923077 0.21033653846153846
7 0.4206730769230769 0.4411057692307692 0.06490384615384616 0.16466346153846154
10 0.328125 0.33774038461538464 0.054086538461538464 0.11778846153846154
10 0.25 0.17067307692307693 0.05889423076923077 0.1141826923076923
10 0.23677884615384615 0.3473557692307692 0.06129807692307692 0.125
10 0.3317307692307692 0.5805288461538461 0.07091346153846154 0.12980769230769232