3 0.5877403846153846 0.125 0.054086538461538464 0.12860576923076922
3 0.4375 0.3870192307692308 0.055288461538461536 0.14182692307692307
1 0.7091346153846154 0.6129807692307693 0.06370192307692307 0.13581730769230768
1 0.7572115384615384 0.2127403846153846 0.055288461538461536 0.13701923076923078
2 0.7908653846153846 0.3641826923076923 0.07572115384615384 0.20072115384615385
6 0.8377403846153846 0.7319711538461539 0.07451923076923077 0.1466346153846154
6 0.5853365384615384 0.056490384615384616 0.05048076923076923 0.11298076923076923
5 0.5973557692307693 0.28725961538461536 0.057692307692307696 0.16826923076923078
4 0.6610576923076923 0.13581730769230768 0.04447115384615385 0.09495192307692307
4 0.6730769230769231 0.2247596153846154 0.04567307692307692 0.10216346153846154
4 0.7067307692307693 0.5024038461538461 0.054086538461538464 0.09975961538461539
4 0.6971153846153846 0.39663461538461536 0.046875 0.10216346153846154
4 0.6153846153846154 0.6153846153846154 0.054086538461538464 0.1141826923076923
4 0.6430288461538461 0.7403846153846154 0.051682692307692304 0.1141826923076923
4 0.5144230769230769 0.057692307692307696 0.04326923076923077 0.09735576923076923
4 0.5120192307692307 0.296875 0.04326923076923077 0.09975961538461539
7 0.35697115384615385 0.05048076923076923 0.052884615384615384 0.10096153846153846
8 0.1658653846153846 0.3605769230769231 0.0733173076923077 0.19951923076923078
7 0.1502403846153846 0.4831730769230769 0.06129807692307692 0.1346153846153846
11 0.18028846153846154 0.27283653846153844 0.07211538461538461 0.17548076923076922
12 0.24879807692307693 0.7415865384615384 0.0673076923076923 0.14182692307692307
12 0.20192307692307693 0.051682692307692304 0.057692307692307696 0.10216346153846154
9 0.15745192307692307 0.59375 0.07091346153846154 0.14543269230769232
9 0.3581730769230769 0.19110576923076922 0.051682692307692304 0.13221153846153846
10 0.43149038461538464 0.296875 0.04807692307692308 0.10336538461538461
10 0.4230769230769231 0.13221153846153846 0.04927884615384615 0.10697115384615384
10 0.27884615384615385 0.051682692307692304 0.04447115384615385 0.10216346153846154
10 0.2764423076923077 0.21514423076923078 0.04447115384615385 0.10336538461538461
10 0.26802884615384615 0.40384615384615385 0.05048076923076923 0.09975961538461539
10 0.25961538461538464 0.5108173076923077 0.051682692307692304 0.09735576923076923
10 0.25721153846153844 0.6117788461538461 0.051682692307692304 0.10697115384615384
10 0.44350961538461536 0.7295673076923077 0.052884615384615384 0.10576923076923077