3 0.5973557692307693 0.12740384615384615 0.055288461538461536 0.13221153846153846
3 0.4423076923076923 0.3954326923076923 0.056490384615384616 0.14543269230769232
1 0.7223557692307693 0.6274038461538461 0.06490384615384616 0.13942307692307693
1 0.7716346153846154 0.21754807692307693 0.056490384615384616 0.140625
2 0.8052884615384616 0.37259615384615385 0.07692307692307693 0.20552884615384615
6 0.8545673076923077 0.7487980769230769 0.07692307692307693 0.1502403846153846
6 0.5949519230769231 0.057692307692307696 0.051682692307692304 0.1141826923076923
5 0.6069711538461539 0.2932692307692308 0.05889423076923077 0.17307692307692307
4 0.6730769230769231 0.13822115384615385 0.04567307692307692 0.09735576923076923
4 0.6850961538461539 0.2283653846153846 0.046875 0.1045673076923077
4 0.71875 0.5144230769230769 0.055288461538461536 0.10216346153846154
4 0.7103365384615384 0.40625 0.04807692307692308 0.1045673076923077
4 0.625 0.6298076923076923 0.055288461538461536 0.11658653846153846
4 0.6538461538461539 0.7584134615384616 0.052884615384615384 0.11778846153846154
4 0.5228365384615384 0.057692307692307696 0.04447115384615385 0.09975961538461539
4 0.5192307692307693 0.30288461538461536 0.04447115384615385 0.10216346153846154
7 0.3605769230769231 0.051682692307692304 0.057692307692307696 0.10336538461538461
8 0.16346153846153846 0.36899038461538464 0.07572115384615384 0.20432692307692307
7 0.14783653846153846 0.49399038461538464 0.06370192307692307 0.13822115384615385
11 0.17908653846153846 0.27884615384615385 0.0733173076923077 0.18028846153846154
12 0.24879807692307693 0.7596153846153846 0.06850961538461539 0.14543269230769232
12 0.20192307692307693 0.051682692307692304 0.05889423076923077 0.10336538461538461
9 0.15625 0.6081730769230769 0.07211538461538461 0.14903846153846154
9 0.36177884615384615 0.19471153846153846 0.052884615384615384 0.1346153846153846
10 0.4375 0.30408653846153844 0.04927884615384615 0.10697115384615384
10 0.42908653846153844 0.1346153846153846 0.05048076923076923 0.109375
10 0.2800480769230769 0.051682692307692304 0.04567307692307692 0.10336538461538461
10 0.2776442307692308 0.21875 0.04567307692307692 0.10576923076923077
10 0.2692307692307692 0.41225961538461536 0.051682692307692304 0.10216346153846154
10 0.2608173076923077 0.5228365384615384 0.054086538461538464 0.10096153846153846
10 0.25841346153846156 0.6262019230769231 0.054086538461538464 0.109375
10 0.4483173076923077 0.7475961538461539 0.054086538461538464 0.10817307692307693