3 0.59375 0.12620192307692307 0.054086538461538464 0.12860576923076922
3 0.44350961538461536 0.38822115384615385 0.055288461538461536 0.14182692307692307
1 0.7151442307692307 0.6141826923076923 0.06370192307692307 0.13581730769230768
1 0.7632211538461539 0.21514423076923078 0.055288461538461536 0.13701923076923078
2 0.796875 0.36538461538461536 0.07572115384615384 0.20072115384615385
6 0.8449519230769231 0.7331730769230769 0.07451923076923077 0.1466346153846154
6 0.5913461538461539 0.057692307692307696 0.05048076923076923 0.1141826923076923
5 0.6033653846153846 0.28846153846153844 0.057692307692307696 0.16826923076923078
4 0.6682692307692307 0.13701923076923078 0.04447115384615385 0.09495192307692307
4 0.6790865384615384 0.22596153846153846 0.04567307692307692 0.10216346153846154
4 0.7127403846153846 0.5048076923076923 0.054086538461538464 0.09975961538461539
4 0.7043269230769231 0.39783653846153844 0.046875 0.10216346153846154
4 0.6213942307692307 0.6165865384615384 0.054086538461538464 0.1141826923076923
4 0.6490384615384616 0.7415865384615384 0.051682692307692304 0.1141826923076923
4 0.5204326923076923 0.05889423076923077 0.04326923076923077 0.09735576923076923
4 0.5180288461538461 0.2980769230769231 0.04326923076923077 0.09975961538461539
7 0.3641826923076923 0.051682692307692304 0.055288461538461536 0.10336538461538461
8 0.171875 0.36177884615384615 0.0733173076923077 0.19951923076923078
7 0.15625 0.484375 0.06129807692307692 0.1346153846153846
11 0.18629807692307693 0.27403846153846156 0.07211538461538461 0.17548076923076922
12 0.2548076923076923 0.7427884615384616 0.0673076923076923 0.14182692307692307
12 0.20793269230769232 0.051682692307692304 0.057692307692307696 0.10336538461538461
9 0.16466346153846154 0.5961538461538461 0.07091346153846154 0.14543269230769232
9 0.3641826923076923 0.19230769230769232 0.051682692307692304 0.13221153846153846
10 0.4375 0.2980769230769231 0.04807692307692308 0.10336538461538461
10 0.43028846153846156 0.13341346153846154 0.04927884615384615 0.10697115384615384
10 0.2848557692307692 0.051682692307692304 0.04447115384615385 0.10336538461538461
10 0.2824519230769231 0.21634615384615385 0.04447115384615385 0.10336538461538461
10 0.27403846153846156 0.4050480769230769 0.05048076923076923 0.09975961538461539
10 0.265625 0.5120192307692307 0.051682692307692304 0.09735576923076923
10 0.26322115384615385 0.6129807692307693 0.051682692307692304 0.10697115384615384
10 0.4495192307692308 0.7319711538461539 0.052884615384615384 0.10576923076923077