12 0.1971153846153846 0.08052884615384616 0.06971153846153846 0.12860576923076922
12 0.1971153846153846 0.08052884615384616 0.06971153846153846 0.12860576923076922
8 0.16346153846153846 0.4026442307692308 0.0889423076923077 0.22596153846153846
11 0.3473557692307692 0.14182692307692307 0.06850961538461539 0.18509615384615385
7 0.18389423076923078 0.1466346153846154 0.06009615384615385 0.14903846153846154
7 0.359375 0.4254807692307692 0.06850961538461539 0.15144230769230768
9 0.23317307692307693 0.7884615384615384 0.08533653846153846 0.171875
10 0.27283653846153844 0.1622596153846154 0.04807692307692308 0.12259615384615384
10 0.25841346153846156 0.33653846153846156 0.055288461538461536 0.11057692307692307
10 0.25721153846153844 0.43509615384615385 0.057692307692307696 0.12259615384615384
10 0.3581730769230769 0.5637019230769231 0.0625 0.12139423076923077
2 0.7764423076923077 0.3004807692307692 0.08533653846153846 0.21514423076923078
3 0.4423076923076923 0.7836538461538461 0.07692307692307693 0.1622596153846154
1 0.6033653846153846 0.15504807692307693 0.05048076923076923 0.14182692307692307
3 0.4423076923076923 0.24278846153846154 0.06370192307692307 0.140625
6 0.5745192307692307 0.07692307692307693 0.054086538461538464 0.12980769230769232
6 0.5060096153846154 0.15745192307692307 0.06009615384615385 0.13341346153846154
4 0.41947115384615385 0.17548076923076922 0.04807692307692308 0.109375
4 0.75 0.7836538461538461 0.06610576923076923 0.1201923076923077
4 0.6899038461538461 0.3425480769230769 0.051682692307692304 0.109375
4 0.6105769230769231 0.5396634615384616 0.054086538461538464 0.11538461538461539
4 0.546875 0.6658653846153846 0.057692307692307696 0.11778846153846154