12 0.19831730769230768 0.07451923076923077 0.06971153846153846 0.12980769230769232
12 0.19831730769230768 0.07451923076923077 0.06971153846153846 0.12980769230769232
8 0.16466346153846154 0.39783653846153844 0.0889423076923077 0.22716346153846154
11 0.3485576923076923 0.1346153846153846 0.06850961538461539 0.18629807692307693
7 0.18389423076923078 0.140625 0.06129807692307692 0.1502403846153846
7 0.3605769230769231 0.4206730769230769 0.06850961538461539 0.15264423076923078
9 0.23317307692307693 0.7860576923076923 0.08533653846153846 0.171875
10 0.27403846153846156 0.15625 0.04807692307692308 0.12259615384615384
10 0.25961538461538464 0.33052884615384615 0.056490384615384616 0.11177884615384616
10 0.25841346153846156 0.43028846153846156 0.057692307692307696 0.12259615384615384
10 0.359375 0.5600961538461539 0.06370192307692307 0.12139423076923077
2 0.7800480769230769 0.29447115384615385 0.08653846153846154 0.21634615384615385
3 0.44471153846153844 0.78125 0.07692307692307693 0.16346153846153846
1 0.6057692307692307 0.14783653846153846 0.051682692307692304 0.14182692307692307
3 0.44350961538461536 0.23677884615384615 0.06490384615384616 0.14182692307692307
6 0.578125 0.07091346153846154 0.055288461538461536 0.12980769230769232
6 0.5084134615384616 0.15144230769230768 0.06009615384615385 0.1346153846153846
4 0.421875 0.16947115384615385 0.04807692307692308 0.11057692307692307
4 0.7536057692307693 0.7800480769230769 0.0673076923076923 0.12139423076923077
4 0.6923076923076923 0.33653846153846156 0.051682692307692304 0.109375
4 0.6129807692307693 0.5360576923076923 0.054086538461538464 0.11658653846153846
4 0.5492788461538461 0.6622596153846154 0.057692307692307696 0.11899038461538461