12 0.171875 0.08413461538461539 0.07211538461538461 0.13341346153846154
12 0.171875 0.08413461538461539 0.07211538461538461 0.13341346153846154
8 0.13701923076923078 0.4182692307692308 0.09254807692307693 0.234375
11 0.3269230769230769 0.14783653846153846 0.07091346153846154 0.19230769230769232
7 0.15745192307692307 0.15264423076923078 0.0625 0.15504807692307693
7 0.3389423076923077 0.4423076923076923 0.07091346153846154 0.15745192307692307
9 0.20793269230769232 0.8185096153846154 0.08774038461538461 0.1778846153846154
10 0.25 0.16947115384615385 0.04927884615384615 0.12740384615384615
10 0.23557692307692307 0.34975961538461536 0.057692307692307696 0.11538461538461539
10 0.234375 0.4519230769230769 0.06009615384615385 0.12740384615384615
10 0.3389423076923077 0.5853365384615384 0.06490384615384616 0.125
2 0.7728365384615384 0.3125 0.0889423076923077 0.22355769230769232
3 0.4266826923076923 0.8137019230769231 0.07932692307692307 0.16826923076923078
1 0.5925480769230769 0.16105769230769232 0.052884615384615384 0.1466346153846154
3 0.4254807692307692 0.25240384615384615 0.06610576923076923 0.1466346153846154
6 0.5637019230769231 0.08052884615384616 0.056490384615384616 0.1346153846153846
6 0.49158653846153844 0.16346153846153846 0.0625 0.13822115384615385
4 0.4026442307692308 0.18269230769230768 0.04927884615384615 0.1141826923076923
4 0.7451923076923077 0.8137019230769231 0.06850961538461539 0.125
4 0.6826923076923077 0.3557692307692308 0.052884615384615384 0.11298076923076923
4 0.6009615384615384 0.5612980769230769 0.056490384615384616 0.1201923076923077
4 0.5348557692307693 0.6911057692307693 0.06009615384615385 0.12259615384615384