8 0.17548076923076922 0.3629807692307692 0.06610576923076923 0.19591346153846154
2 0.7932692307692307 0.36778846153846156 0.07211538461538461 0.19110576923076922
11 0.19110576923076922 0.27524038461538464 0.06370192307692307 0.171875
5 0.7884615384615384 0.2956730769230769 0.06971153846153846 0.16346153846153846
9 0.16826923076923078 0.6021634615384616 0.07091346153846154 0.13581730769230768
3 0.44711538461538464 0.390625 0.055288461538461536 0.13581730769230768
3 0.5925480769230769 0.12740384615384615 0.04807692307692308 0.1346153846153846
7 0.16105769230769232 0.49038461538461536 0.057692307692307696 0.13341346153846154
9 0.36899038461538464 0.1935096153846154 0.04807692307692308 0.13341346153846154
12 0.25721153846153844 0.7439903846153846 0.06129807692307692 0.13341346153846154
7 0.19471153846153846 0.20072115384615385 0.05048076923076923 0.13221153846153846
1 0.7548076923076923 0.2091346153846154 0.04567307692307692 0.1310096153846154
1 0.7139423076923077 0.6129807692307693 0.057692307692307696 0.1310096153846154
1 0.8461538461538461 0.7331730769230769 0.07091346153846154 0.12620192307692307
1 0.7463942307692307 0.06129807692307692 0.04807692307692308 0.109375
10 0.4519230769230769 0.7415865384615384 0.05048076923076923 0.10817307692307693
4 0.6225961538461539 0.6153846153846154 0.051682692307692304 0.10697115384615384
4 0.6490384615384616 0.7403846153846154 0.04927884615384615 0.10576923076923077
10 0.2644230769230769 0.5144230769230769 0.057692307692307696 0.1045673076923077
12 0.21033653846153846 0.05048076923076923 0.04807692307692308 0.10096153846153846
10 0.26322115384615385 0.6165865384615384 0.05889423076923077 0.10336538461538461
10 0.27524038461538464 0.4074519230769231 0.057692307692307696 0.10216346153846154
10 0.28725961538461536 0.055288461538461536 0.042067307692307696 0.10216346153846154
10 0.2848557692307692 0.21995192307692307 0.046875 0.10096153846153846
4 0.7127403846153846 0.5072115384615384 0.05048076923076923 0.09975961538461539
4 0.5204326923076923 0.2956730769230769 0.04567307692307692 0.09975961538461539
4 0.6814903846153846 0.2247596153846154 0.042067307692307696 0.0985576923076923
10 0.43149038461538464 0.13701923076923078 0.042067307692307696 0.0985576923076923
10 0.2776442307692308 0.3076923076923077 0.046875 0.09735576923076923
4 0.6706730769230769 0.14302884615384615 0.042067307692307696 0.09375
4 0.6634615384615384 0.057692307692307696 0.039663461538461536 0.09254807692307693
4 0.7043269230769231 0.40024038461538464 0.04807692307692308 0.10697115384615384