8 0.1622596153846154 0.36778846153846156 0.06850961538461539 0.20192307692307693
2 0.7980769230769231 0.37259615384615385 0.07451923076923077 0.1971153846153846
11 0.17668269230769232 0.2776442307692308 0.06610576923076923 0.17668269230769232
5 0.7932692307692307 0.29927884615384615 0.07211538461538461 0.16947115384615385
9 0.15384615384615385 0.6141826923076923 0.0733173076923077 0.140625
3 0.4411057692307692 0.39663461538461536 0.056490384615384616 0.13942307692307693
3 0.5913461538461539 0.125 0.04927884615384615 0.13942307692307693
7 0.1466346153846154 0.4987980769230769 0.05889423076923077 0.13822115384615385
9 0.3605769230769231 0.1935096153846154 0.04927884615384615 0.13822115384615385
12 0.24519230769230768 0.7608173076923077 0.06370192307692307 0.13701923076923078
7 0.18028846153846154 0.20072115384615385 0.051682692307692304 0.13581730769230768
1 0.7584134615384616 0.2091346153846154 0.04807692307692308 0.13581730769230768
1 0.7163461538461539 0.6262019230769231 0.05889423076923077 0.1346153846153846
1 0.8521634615384616 0.75 0.0733173076923077 0.12980769230769232
1 0.75 0.056490384615384616 0.04927884615384615 0.11298076923076923
10 0.44711538461538464 0.7584134615384616 0.051682692307692304 0.11177884615384616
4 0.6225961538461539 0.6274038461538461 0.054086538461538464 0.11057692307692307
4 0.6490384615384616 0.7572115384615384 0.051682692307692304 0.109375
10 0.25240384615384615 0.5252403846153846 0.05889423076923077 0.10817307692307693
12 0.1971153846153846 0.04927884615384615 0.05048076923076923 0.0985576923076923
10 0.25240384615384615 0.6298076923076923 0.06129807692307692 0.10697115384615384
10 0.2644230769230769 0.41466346153846156 0.06009615384615385 0.1045673076923077
10 0.2764423076923077 0.051682692307692304 0.04447115384615385 0.10336538461538461
10 0.27283653846153844 0.22115384615384615 0.04807692307692308 0.10336538461538461
4 0.7151442307692307 0.5168269230769231 0.051682692307692304 0.10336538461538461
4 0.5168269230769231 0.29927884615384615 0.046875 0.10216346153846154
4 0.6826923076923077 0.2247596153846154 0.04326923076923077 0.10216346153846154
10 0.4254807692307692 0.1346153846153846 0.04326923076923077 0.10216346153846154
10 0.2668269230769231 0.3112980769230769 0.04807692307692308 0.10096153846153846
4 0.671875 0.140625 0.04326923076923077 0.09615384615384616
4 0.6646634615384616 0.054086538461538464 0.040865384615384616 0.09495192307692307
4 0.7067307692307693 0.40625 0.04927884615384615 0.109375