8 0.17427884615384615 0.3605769230769231 0.0673076923076923 0.19951923076923078
2 0.8016826923076923 0.36538461538461536 0.0733173076923077 0.1935096153846154
11 0.18990384615384615 0.27163461538461536 0.06490384615384616 0.17427884615384615
5 0.796875 0.2920673076923077 0.07091346153846154 0.1658653846153846
9 0.1658653846153846 0.6021634615384616 0.07211538461538461 0.13822115384615385
3 0.4495192307692308 0.38822115384615385 0.056490384615384616 0.13701923076923078
3 0.5973557692307693 0.12139423076923077 0.04807692307692308 0.13701923076923078
7 0.15985576923076922 0.4891826923076923 0.057692307692307696 0.13581730769230768
9 0.3701923076923077 0.1875 0.04927884615384615 0.13581730769230768
12 0.25600961538461536 0.7463942307692307 0.0625 0.1346153846153846
7 0.1935096153846154 0.19471153846153846 0.05048076923076923 0.1346153846153846
1 0.7620192307692307 0.20432692307692307 0.046875 0.13341346153846154
1 0.7199519230769231 0.6141826923076923 0.057692307692307696 0.13341346153846154
1 0.8545673076923077 0.7355769230769231 0.07211538461538461 0.12740384615384615
1 0.7536057692307693 0.055288461538461536 0.04927884615384615 0.11057692307692307
10 0.45552884615384615 0.7439903846153846 0.051682692307692304 0.11057692307692307
4 0.6286057692307693 0.6153846153846154 0.052884615384615384 0.109375
4 0.6550480769230769 0.7427884615384616 0.05048076923076923 0.10697115384615384
10 0.2644230769230769 0.5144230769230769 0.057692307692307696 0.10576923076923077
12 0.2091346153846154 0.04807692307692308 0.052884615384615384 0.09615384615384616
10 0.26322115384615385 0.6177884615384616 0.06009615384615385 0.10576923076923077
10 0.27524038461538464 0.4050480769230769 0.05889423076923077 0.10336538461538461
10 0.28725961538461536 0.05048076923076923 0.04326923076923077 0.09975961538461539
10 0.2848557692307692 0.21514423076923078 0.046875 0.10216346153846154
4 0.7199519230769231 0.5072115384615384 0.05048076923076923 0.10096153846153846
4 0.5240384615384616 0.2920673076923077 0.04567307692307692 0.10096153846153846
4 0.6875 0.21995192307692307 0.04326923076923077 0.09975961538461539
10 0.4338942307692308 0.1310096153846154 0.042067307692307696 0.09975961538461539
10 0.2776442307692308 0.30408653846153844 0.046875 0.0985576923076923
4 0.6766826923076923 0.13701923076923078 0.042067307692307696 0.09495192307692307
4 0.6694711538461539 0.05048076923076923 0.039663461538461536 0.09375
4 0.7115384615384616 0.39783653846153844 0.04807692307692308 0.10817307692307693