6 0.8389423076923077 0.7331730769230769 0.07692307692307693 0.15745192307692307
2 0.8064903846153846 0.4891826923076923 0.08774038461538461 0.20673076923076922
5 0.5961538461538461 0.2932692307692308 0.06370192307692307 0.17427884615384615
4 0.6766826923076923 0.22956730769230768 0.04927884615384615 0.11057692307692307
4 0.6983173076923077 0.40384615384615385 0.054086538461538464 0.10817307692307693
4 0.6213942307692307 0.5048076923076923 0.055288461538461536 0.109375
4 0.5204326923076923 0.0625 0.03485576923076923 0.0985576923076923
4 0.5144230769230769 0.30288461538461536 0.04927884615384615 0.10336538461538461
3 0.43990384615384615 0.3942307692307692 0.06370192307692307 0.13822115384615385
9 0.5072115384615384 0.1346153846153846 0.052884615384615384 0.13581730769230768
7 0.4411057692307692 0.6009615384615384 0.05889423076923077 0.1466346153846154
8 0.2644230769230769 0.36899038461538464 0.07572115384615384 0.1971153846153846
11 0.359375 0.2920673076923077 0.05889423076923077 0.18269230769230768
9 0.35336538461538464 0.49038461538461536 0.0625 0.1466346153846154
12 0.20432692307692307 0.055288461538461536 0.057692307692307696 0.11057692307692307
10 0.28125 0.054086538461538464 0.04807692307692308 0.10096153846153846
10 0.2824519230769231 0.21634615384615385 0.05048076923076923 0.10576923076923077
10 0.43509615384615385 0.3004807692307692 0.04567307692307692 0.0985576923076923
10 0.44350961538461536 0.7391826923076923 0.06009615384615385 0.11177884615384616
10 0.25961538461538464 0.6165865384615384 0.057692307692307696 0.109375
12 0.2512019230769231 0.7463942307692307 0.07932692307692307 0.13942307692307693