6 0.8689903846153846 0.7295673076923077 0.07932692307692307 0.1622596153846154
2 0.8353365384615384 0.47836538461538464 0.09014423076923077 0.2127403846153846
5 0.6177884615384616 0.2764423076923077 0.06490384615384616 0.18028846153846154
4 0.7007211538461539 0.21033653846153846 0.05048076923076923 0.1141826923076923
4 0.7235576923076923 0.390625 0.055288461538461536 0.11177884615384616
4 0.6442307692307693 0.49399038461538464 0.057692307692307696 0.11298076923076923
4 0.5396634615384616 0.04447115384615385 0.037259615384615384 0.0889423076923077
4 0.5336538461538461 0.2860576923076923 0.051682692307692304 0.10697115384615384
3 0.4567307692307692 0.3798076923076923 0.06490384615384616 0.14302884615384615
9 0.5264423076923077 0.11298076923076923 0.054086538461538464 0.13942307692307693
7 0.4579326923076923 0.59375 0.06009615384615385 0.1502403846153846
8 0.27524038461538464 0.35336538461538464 0.078125 0.203125
11 0.3737980769230769 0.27524038461538464 0.06129807692307692 0.18870192307692307
9 0.36658653846153844 0.4795673076923077 0.06490384615384616 0.1502403846153846
12 0.21394230769230768 0.04326923076923077 0.055288461538461536 0.08653846153846154
10 0.2932692307692308 0.042067307692307696 0.052884615384615384 0.08413461538461539
10 0.2932692307692308 0.19591346153846154 0.051682692307692304 0.10817307692307693
10 0.4519230769230769 0.28365384615384615 0.046875 0.10216346153846154
10 0.46033653846153844 0.7355769230769231 0.0625 0.1141826923076923
10 0.2704326923076923 0.609375 0.06009615384615385 0.11298076923076923
12 0.2620192307692308 0.7427884615384616 0.08173076923076923 0.14423076923076922