6 0.8701923076923077 0.7271634615384616 0.08052884615384616 0.16466346153846154
2 0.8365384615384616 0.4735576923076923 0.09134615384615384 0.21514423076923078
5 0.6165865384615384 0.2704326923076923 0.06610576923076923 0.1814903846153846
4 0.7007211538461539 0.203125 0.05048076923076923 0.11538461538461539
4 0.7235576923076923 0.38461538461538464 0.056490384615384616 0.11298076923076923
4 0.6442307692307693 0.49038461538461536 0.057692307692307696 0.1141826923076923
4 0.5384615384615384 0.040865384615384616 0.038461538461538464 0.08173076923076923
4 0.5324519230769231 0.27884615384615385 0.051682692307692304 0.10817307692307693
3 0.4543269230769231 0.375 0.06610576923076923 0.14423076923076922
9 0.5240384615384616 0.1045673076923077 0.055288461538461536 0.14182692307692307
7 0.4543269230769231 0.5901442307692307 0.06129807692307692 0.15264423076923078
8 0.2704326923076923 0.3473557692307692 0.07932692307692307 0.20552884615384615
11 0.3701923076923077 0.26802884615384615 0.0625 0.19110576923076922
9 0.3629807692307692 0.47475961538461536 0.06610576923076923 0.15264423076923078
12 0.20793269230769232 0.038461538461538464 0.056490384615384616 0.07692307692307693
10 0.28846153846153844 0.037259615384615384 0.05048076923076923 0.07451923076923077
10 0.28846153846153844 0.18870192307692307 0.052884615384615384 0.109375
10 0.4483173076923077 0.2776442307692308 0.046875 0.10336538461538461
10 0.4567307692307692 0.734375 0.0625 0.11538461538461539
10 0.265625 0.6057692307692307 0.06009615384615385 0.1141826923076923
12 0.25721153846153844 0.7415865384615384 0.08173076923076923 0.14543269230769232