1 0.7463942307692307 0.14543269230769232 0.05048076923076923 0.13221153846153846
1 0.5240384615384616 0.3173076923076923 0.04927884615384615 0.13221153846153846
5 0.7127403846153846 0.40384615384615385 0.052884615384615384 0.16826923076923078
3 0.7764423076923077 0.28725961538461536 0.0733173076923077 0.19110576923076922
6 0.8581730769230769 0.7824519230769231 0.07451923076923077 0.140625
6 0.7319711538461539 0.07091346153846154 0.052884615384615384 0.1201923076923077
3 0.8233173076923077 0.5408653846153846 0.0733173076923077 0.13822115384615385
4 0.6875 0.33413461538461536 0.04326923076923077 0.1045673076923077
3 0.609375 0.33533653846153844 0.06009615384615385 0.13942307692307693
4 0.6586538461538461 0.07932692307692307 0.04326923076923077 0.10096153846153846
4 0.5805288461538461 0.1658653846153846 0.04447115384615385 0.10336538461538461
4 0.5168269230769231 0.25240384615384615 0.04326923076923077 0.10576923076923077
4 0.53125 0.4411057692307692 0.051682692307692304 0.10697115384615384
4 0.75 0.78125 0.052884615384615384 0.1141826923076923
4 0.6033653846153846 0.5396634615384616 0.04807692307692308 0.109375
4 0.5456730769230769 0.6634615384615384 0.054086538461538464 0.11177884615384616
9 0.35096153846153844 0.31850961538461536 0.057692307692307696 0.13341346153846154
12 0.34615384615384615 0.7752403846153846 0.06490384615384616 0.13942307692307693
12 0.19471153846153846 0.078125 0.04927884615384615 0.11778846153846154
7 0.18269230769230768 0.13822115384615385 0.056490384615384616 0.14302884615384615
7 0.13822115384615385 0.6586538461538461 0.06610576923076923 0.14302884615384615
8 0.15985576923076922 0.4014423076923077 0.07211538461538461 0.20072115384615385
10 0.4182692307692308 0.23557692307692307 0.04447115384615385 0.1045673076923077
11 0.27163461538461536 0.21033653846153846 0.06850961538461539 0.16947115384615385
10 0.41346153846153844 0.0733173076923077 0.04326923076923077 0.09975961538461539
10 0.2704326923076923 0.15144230769230768 0.04326923076923077 0.0985576923076923
10 0.25841346153846156 0.33052884615384615 0.04927884615384615 0.10336538461538461
10 0.25841346153846156 0.43028846153846156 0.052884615384615384 0.11057692307692307
10 0.24639423076923078 0.6634615384615384 0.04807692307692308 0.10336538461538461
10 0.43149038461538464 0.5492788461538461 0.04567307692307692 0.11778846153846154
10 0.45072115384615385 0.7872596153846154 0.056490384615384616 0.11057692307692307