1 0.7572115384615384 0.15144230769230768 0.051682692307692304 0.1346153846153846
1 0.5300480769230769 0.3269230769230769 0.05048076923076923 0.1346153846153846
5 0.7235576923076923 0.41586538461538464 0.054086538461538464 0.171875
3 0.7884615384615384 0.296875 0.07451923076923077 0.19471153846153846
6 0.8713942307692307 0.8016826923076923 0.07572115384615384 0.14423076923076922
6 0.7415865384615384 0.07572115384615384 0.054086538461538464 0.12259615384615384
3 0.8353365384615384 0.5552884615384616 0.07451923076923077 0.140625
4 0.6971153846153846 0.34375 0.04447115384615385 0.10697115384615384
3 0.6165865384615384 0.34615384615384615 0.06129807692307692 0.14182692307692307
4 0.6682692307692307 0.08533653846153846 0.04447115384615385 0.10336538461538461
4 0.5877403846153846 0.171875 0.04567307692307692 0.10576923076923077
4 0.5216346153846154 0.2608173076923077 0.04447115384615385 0.10817307692307693
4 0.5372596153846154 0.453125 0.052884615384615384 0.10817307692307693
4 0.7608173076923077 0.8004807692307693 0.054086538461538464 0.11658653846153846
4 0.6105769230769231 0.5540865384615384 0.04927884615384615 0.11177884615384616
4 0.5516826923076923 0.6802884615384616 0.055288461538461536 0.1141826923076923
9 0.35336538461538464 0.328125 0.05889423076923077 0.13581730769230768
12 0.3485576923076923 0.7944711538461539 0.0673076923076923 0.14182692307692307
12 0.19471153846153846 0.0829326923076923 0.05048076923076923 0.1201923076923077
7 0.18269230769230768 0.14423076923076922 0.057692307692307696 0.1466346153846154
7 0.13581730769230768 0.6754807692307693 0.0673076923076923 0.1466346153846154
8 0.15745192307692307 0.41225961538461536 0.07451923076923077 0.20432692307692307
10 0.421875 0.2439903846153846 0.04567307692307692 0.10697115384615384
11 0.27283653846153844 0.21754807692307693 0.07091346153846154 0.171875
10 0.4170673076923077 0.078125 0.04326923076923077 0.10216346153846154
10 0.27163461538461536 0.15865384615384615 0.04326923076923077 0.10096153846153846
10 0.25841346153846156 0.3401442307692308 0.05048076923076923 0.10576923076923077
10 0.25961538461538464 0.4423076923076923 0.054086538461538464 0.11298076923076923
10 0.24639423076923078 0.6802884615384616 0.04807692307692308 0.1045673076923077
10 0.4362980769230769 0.5637019230769231 0.046875 0.1201923076923077
10 0.45552884615384615 0.8064903846153846 0.057692307692307696 0.11298076923076923