1 0.7439903846153846 0.15865384615384615 0.05048076923076923 0.13221153846153846
1 0.5240384615384616 0.3293269230769231 0.04927884615384615 0.13221153846153846
5 0.7115384615384616 0.41586538461538464 0.051682692307692304 0.16706730769230768
3 0.7752403846153846 0.3004807692307692 0.0733173076923077 0.18990384615384615
6 0.8557692307692307 0.7920673076923077 0.0733173076923077 0.140625
6 0.7295673076923077 0.08413461538461539 0.052884615384615384 0.11899038461538461
3 0.8209134615384616 0.5516826923076923 0.07211538461538461 0.13701923076923078
4 0.6862980769230769 0.34615384615384615 0.04326923076923077 0.10336538461538461
3 0.6081730769230769 0.3473557692307692 0.06009615384615385 0.13822115384615385
4 0.6574519230769231 0.09375 0.04326923076923077 0.10096153846153846
4 0.5793269230769231 0.17908653846153846 0.04447115384615385 0.10336538461538461
4 0.515625 0.2644230769230769 0.04326923076923077 0.1045673076923077
4 0.53125 0.4519230769230769 0.051682692307692304 0.10576923076923077
4 0.7475961538461539 0.7908653846153846 0.052884615384615384 0.1141826923076923
4 0.6021634615384616 0.5516826923076923 0.04807692307692308 0.109375
4 0.5444711538461539 0.6730769230769231 0.054086538461538464 0.11177884615384616
9 0.35096153846153844 0.33052884615384615 0.057692307692307696 0.13341346153846154
12 0.3473557692307692 0.7848557692307693 0.06490384615384616 0.13822115384615385
12 0.19591346153846154 0.09134615384615384 0.04927884615384615 0.11778846153846154
7 0.18509615384615385 0.15144230769230768 0.055288461538461536 0.14302884615384615
7 0.13942307692307693 0.6694711538461539 0.06610576923076923 0.14302884615384615
8 0.16105769230769232 0.41225961538461536 0.07211538461538461 0.19951923076923078
10 0.4182692307692308 0.24879807692307693 0.04447115384615385 0.10336538461538461
11 0.27283653846153844 0.22235576923076922 0.06850961538461539 0.16826923076923078
10 0.41346153846153844 0.08774038461538461 0.042067307692307696 0.09975961538461539
10 0.27163461538461536 0.16466346153846154 0.042067307692307696 0.09735576923076923
10 0.25961538461538464 0.3425480769230769 0.04927884615384615 0.10336538461538461
10 0.25961538461538464 0.4411057692307692 0.052884615384615384 0.11057692307692307
10 0.24759615384615385 0.6742788461538461 0.046875 0.10216346153846154
10 0.43149038461538464 0.5600961538461539 0.04567307692307692 0.11658653846153846
10 0.45072115384615385 0.796875 0.056490384615384616 0.109375