6 0.5997596153846154 0.06009615384615385 0.056490384615384616 0.1141826923076923
6 0.8605769230769231 0.7463942307692307 0.07572115384615384 0.14423076923076922
2 0.8016826923076923 0.3713942307692308 0.09254807692307693 0.20432692307692307
5 0.6069711538461539 0.2956730769230769 0.07091346153846154 0.17668269230769232
4 0.6790865384615384 0.13942307692307693 0.046875 0.10817307692307693
4 0.6911057692307693 0.2283653846153846 0.04447115384615385 0.109375
4 0.7127403846153846 0.40865384615384615 0.052884615384615384 0.10697115384615384
4 0.7223557692307693 0.5168269230769231 0.05048076923076923 0.109375
4 0.5228365384615384 0.30408653846153844 0.04927884615384615 0.10576923076923077
4 0.5276442307692307 0.0625 0.046875 0.10697115384615384
3 0.6009615384615384 0.12740384615384615 0.04807692307692308 0.1346153846153846
3 0.4483173076923077 0.40024038461538464 0.06370192307692307 0.14543269230769232
7 0.2548076923076923 0.7620192307692307 0.06850961538461539 0.14423076923076922
7 0.15504807692307693 0.49759615384615385 0.06850961538461539 0.14182692307692307
12 0.20432692307692307 0.054086538461538464 0.06490384615384616 0.10697115384615384
8 0.16947115384615385 0.36899038461538464 0.07932692307692307 0.20793269230769232
11 0.3629807692307692 0.29927884615384615 0.07932692307692307 0.17307692307692307
9 0.36778846153846156 0.19110576923076922 0.054086538461538464 0.140625
9 0.1622596153846154 0.6129807692307693 0.07572115384615384 0.1466346153846154
10 0.4423076923076923 0.30649038461538464 0.04567307692307692 0.10817307692307693
10 0.2860576923076923 0.054086538461538464 0.052884615384615384 0.10817307692307693
10 0.28846153846153844 0.21514423076923078 0.052884615384615384 0.11298076923076923
10 0.2620192307692308 0.6286057692307693 0.0673076923076923 0.11899038461538461
10 0.4519230769230769 0.75 0.06490384615384616 0.1201923076923077