6 0.5853365384615384 0.055288461538461536 0.055288461538461536 0.109375
6 0.8413461538461539 0.7283653846153846 0.07451923076923077 0.14182692307692307
2 0.7836538461538461 0.359375 0.09134615384615384 0.20192307692307693
5 0.5925480769230769 0.2848557692307692 0.06971153846153846 0.17427884615384615
4 0.6622596153846154 0.1310096153846154 0.04567307692307692 0.10697115384615384
4 0.6742788461538461 0.21875 0.04326923076923077 0.10817307692307693
4 0.6971153846153846 0.39663461538461536 0.051682692307692304 0.10576923076923077
4 0.7055288461538461 0.5024038461538461 0.05048076923076923 0.10817307692307693
4 0.5084134615384616 0.2920673076923077 0.04927884615384615 0.10336538461538461
4 0.5144230769230769 0.054086538461538464 0.04567307692307692 0.1045673076923077
3 0.5865384615384616 0.11899038461538461 0.04807692307692308 0.13341346153846154
3 0.43509615384615385 0.38822115384615385 0.06370192307692307 0.14302884615384615
7 0.24519230769230768 0.7439903846153846 0.0673076923076923 0.14182692307692307
7 0.1466346153846154 0.4831730769230769 0.06850961538461539 0.140625
12 0.19471153846153846 0.04927884615384615 0.06370192307692307 0.0985576923076923
8 0.16105769230769232 0.35697115384615385 0.078125 0.20552884615384615
11 0.35216346153846156 0.28846153846153844 0.078125 0.17067307692307693
9 0.3557692307692308 0.18269230769230768 0.052884615384615384 0.13822115384615385
9 0.15504807692307693 0.5973557692307693 0.07451923076923077 0.14423076923076922
10 0.42908653846153844 0.2956730769230769 0.04567307692307692 0.10697115384615384
10 0.27403846153846156 0.04927884615384615 0.05048076923076923 0.0985576923076923
10 0.27884615384615385 0.20552884615384615 0.051682692307692304 0.11057692307692307
10 0.25240384615384615 0.6117788461538461 0.0673076923076923 0.11658653846153846
10 0.43990384615384615 0.7319711538461539 0.06370192307692307 0.11778846153846154