6 0.5805288461538461 0.04927884615384615 0.06009615384615385 0.0985576923076923
6 0.8425480769230769 0.7283653846153846 0.07572115384615384 0.14423076923076922
2 0.7824519230769231 0.35216346153846156 0.09254807692307693 0.20552884615384615
5 0.5877403846153846 0.2764423076923077 0.07091346153846154 0.1778846153846154
4 0.6598557692307693 0.11899038461538461 0.046875 0.109375
4 0.671875 0.20793269230769232 0.04447115384615385 0.109375
4 0.6947115384615384 0.3894230769230769 0.052884615384615384 0.10817307692307693
4 0.703125 0.49759615384615385 0.051682692307692304 0.109375
4 0.5024038461538461 0.28365384615384615 0.05048076923076923 0.10576923076923077
4 0.5084134615384616 0.04807692307692308 0.046875 0.09495192307692307
3 0.5817307692307693 0.10697115384615384 0.04807692307692308 0.13581730769230768
3 0.42788461538461536 0.38100961538461536 0.06490384615384616 0.1466346153846154
7 0.234375 0.7439903846153846 0.06850961538461539 0.14423076923076922
7 0.13341346153846154 0.47836538461538464 0.06971153846153846 0.14302884615384615
12 0.18269230769230768 0.04326923076923077 0.06490384615384616 0.08653846153846154
8 0.14783653846153846 0.34975961538461536 0.07932692307692307 0.2091346153846154
11 0.3425480769230769 0.27884615384615385 0.07932692307692307 0.17427884615384615
9 0.3473557692307692 0.17067307692307693 0.054086538461538464 0.140625
9 0.140625 0.5949519230769231 0.07572115384615384 0.1466346153846154
10 0.421875 0.28725961538461536 0.046875 0.10817307692307693
10 0.26322115384615385 0.04326923076923077 0.051682692307692304 0.08533653846153846
10 0.2668269230769231 0.19471153846153846 0.052884615384615384 0.11298076923076923
10 0.24158653846153846 0.609375 0.06850961538461539 0.11899038461538461
10 0.43149038461538464 0.7319711538461539 0.06490384615384616 0.1201923076923077