2 0.7728365384615384 0.2920673076923077 0.08052884615384616 0.20673076923076922
6 0.8088942307692307 0.53125 0.0733173076923077 0.13822115384615385
6 0.7367788461538461 0.07211538461538461 0.055288461538461536 0.12980769230769232
3 0.5961538461538461 0.33052884615384615 0.06009615384615385 0.14543269230769232
3 0.640625 0.6586538461538461 0.0733173076923077 0.15745192307692307
4 0.7451923076923077 0.7920673076923077 0.06129807692307692 0.11899038461538461
5 0.5180288461538461 0.421875 0.06850961538461539 0.18028846153846154
4 0.5769230769230769 0.16346153846153846 0.051682692307692304 0.11658653846153846
4 0.6875 0.3401442307692308 0.04927884615384615 0.11177884615384616
4 0.6057692307692307 0.5408653846153846 0.054086538461538464 0.11538461538461539
4 0.5432692307692307 0.6706730769230769 0.04807692307692308 0.11538461538461539
4 0.5132211538461539 0.2548076923076923 0.05048076923076923 0.10697115384615384
1 0.6538461538461539 0.06971153846153846 0.057692307692307696 0.13942307692307693
1 0.35216346153846156 0.5384615384615384 0.06370192307692307 0.15264423076923078
11 0.33774038461538464 0.13581730769230768 0.06370192307692307 0.17908653846153846
8 0.1502403846153846 0.4026442307692308 0.08774038461538461 0.21153846153846154
9 0.22716346153846154 0.796875 0.07091346153846154 0.15985576923076922
12 0.18389423076923078 0.0733173076923077 0.052884615384615384 0.12980769230769232
7 0.17548076923076922 0.13701923076923078 0.055288461538461536 0.14783653846153846
7 0.12740384615384615 0.6670673076923077 0.0733173076923077 0.15504807692307693
9 0.34375 0.3233173076923077 0.06610576923076923 0.1466346153846154
10 0.4074519230769231 0.07211538461538461 0.052884615384615384 0.11298076923076923
10 0.4110576923076923 0.23557692307692307 0.04927884615384615 0.11538461538461539
10 0.26322115384615385 0.15504807692307693 0.05048076923076923 0.11057692307692307
10 0.24879807692307693 0.3317307692307692 0.05048076923076923 0.10817307692307693
10 0.24879807692307693 0.4362980769230769 0.057692307692307696 0.11899038461538461
10 0.23918269230769232 0.6694711538461539 0.056490384615384616 0.11658653846153846