2 0.7872596153846154 0.29447115384615385 0.08052884615384616 0.2091346153846154
6 0.8233173076923077 0.5360576923076923 0.07451923076923077 0.13942307692307693
6 0.7512019230769231 0.07211538461538461 0.056490384615384616 0.13221153846153846
3 0.6081730769230769 0.33413461538461536 0.06009615384615385 0.14783653846153846
3 0.6538461538461539 0.6658653846153846 0.07451923076923077 0.15985576923076922
4 0.7596153846153846 0.7992788461538461 0.0625 0.1201923076923077
5 0.5300480769230769 0.4254807692307692 0.06850961538461539 0.18269230769230768
4 0.5889423076923077 0.16466346153846154 0.052884615384615384 0.11778846153846154
4 0.7019230769230769 0.3425480769230769 0.04927884615384615 0.11298076923076923
4 0.6189903846153846 0.5456730769230769 0.055288461538461536 0.11658653846153846
4 0.5540865384615384 0.6778846153846154 0.04927884615384615 0.11658653846153846
4 0.5240384615384616 0.25721153846153844 0.051682692307692304 0.10817307692307693
1 0.6670673076923077 0.06971153846153846 0.055288461538461536 0.13822115384615385
1 0.36177884615384615 0.5444711538461539 0.06490384615384616 0.15504807692307693
11 0.3473557692307692 0.13701923076923078 0.06490384615384616 0.1814903846153846
8 0.15865384615384615 0.40625 0.0889423076923077 0.21394230769230768
9 0.23557692307692307 0.8040865384615384 0.07211538461538461 0.1622596153846154
12 0.19230769230769232 0.0733173076923077 0.054086538461538464 0.1310096153846154
7 0.18389423076923078 0.13822115384615385 0.055288461538461536 0.14903846153846154
7 0.1346153846153846 0.6730769230769231 0.0733173076923077 0.15745192307692307
9 0.35336538461538464 0.3269230769230769 0.06610576923076923 0.14903846153846154
10 0.4170673076923077 0.07211538461538461 0.052884615384615384 0.1141826923076923
10 0.421875 0.23798076923076922 0.05048076923076923 0.11658653846153846
10 0.27283653846153844 0.15625 0.051682692307692304 0.11177884615384616
10 0.25721153846153844 0.33533653846153844 0.051682692307692304 0.109375
10 0.25721153846153844 0.4411057692307692 0.057692307692307696 0.1201923076923077
10 0.24759615384615385 0.6754807692307693 0.056490384615384616 0.11778846153846154