2 0.7692307692307693 0.28846153846153844 0.07932692307692307 0.20432692307692307
6 0.8052884615384616 0.5240384615384616 0.07211538461538461 0.13581730769230768
6 0.734375 0.07091346153846154 0.055288461538461536 0.12860576923076922
3 0.5949519230769231 0.3269230769230769 0.05889423076923077 0.14302884615384615
3 0.6394230769230769 0.6502403846153846 0.07211538461538461 0.15504807692307693
4 0.7427884615384616 0.78125 0.06129807692307692 0.11778846153846154
5 0.5180288461538461 0.41586538461538464 0.0673076923076923 0.1778846153846154
4 0.5769230769230769 0.1622596153846154 0.051682692307692304 0.1141826923076923
4 0.6862980769230769 0.33533653846153844 0.04807692307692308 0.11057692307692307
4 0.6057692307692307 0.5336538461538461 0.054086538461538464 0.1141826923076923
4 0.5432692307692307 0.6622596153846154 0.04807692307692308 0.1141826923076923
4 0.5132211538461539 0.25240384615384615 0.05048076923076923 0.10576923076923077
1 0.6526442307692307 0.06850961538461539 0.054086538461538464 0.13581730769230768
1 0.3557692307692308 0.53125 0.0625 0.15144230769230768
11 0.34134615384615385 0.1346153846153846 0.06370192307692307 0.17668269230769232
8 0.15625 0.39783653846153844 0.08653846153846154 0.20793269230769232
9 0.23197115384615385 0.7860576923076923 0.06971153846153846 0.15745192307692307
12 0.18990384615384615 0.07211538461538461 0.052884615384615384 0.12740384615384615
7 0.1814903846153846 0.13581730769230768 0.054086538461538464 0.14543269230769232
7 0.1346153846153846 0.6574519230769231 0.07211538461538461 0.15264423076923078
9 0.3473557692307692 0.31971153846153844 0.06490384615384616 0.14543269230769232
10 0.40865384615384615 0.07091346153846154 0.051682692307692304 0.11057692307692307
10 0.41346153846153844 0.23317307692307693 0.04927884615384615 0.1141826923076923
10 0.26802884615384615 0.15384615384615385 0.05048076923076923 0.109375
10 0.2536057692307692 0.328125 0.05048076923076923 0.10697115384615384
10 0.2536057692307692 0.43028846153846156 0.056490384615384616 0.11658653846153846
10 0.2439903846153846 0.6598557692307693 0.055288461538461536 0.1141826923076923