1 0.6069711538461539 0.15985576923076922 0.05889423076923077 0.14783653846153846
2 0.7824519230769231 0.3016826923076923 0.0889423076923077 0.21514423076923078
6 0.5216346153846154 0.25 0.06610576923076923 0.12740384615384615
3 0.4411057692307692 0.2536057692307692 0.06610576923076923 0.13581730769230768
3 0.4423076923076923 0.8004807692307693 0.08052884615384616 0.16346153846153846
4 0.7548076923076923 0.8016826923076923 0.0673076923076923 0.13701923076923078
6 0.5757211538461539 0.08052884615384616 0.0625 0.13221153846153846
4 0.6923076923076923 0.3485576923076923 0.05889423076923077 0.1141826923076923
4 0.5480769230769231 0.6838942307692307 0.057692307692307696 0.125
4 0.6153846153846154 0.5504807692307693 0.06370192307692307 0.125
4 0.4963942307692308 0.171875 0.051682692307692304 0.1141826923076923
4 0.421875 0.18028846153846154 0.046875 0.11899038461538461
8 0.15865384615384615 0.4182692307692308 0.08533653846153846 0.21514423076923078
11 0.34615384615384615 0.1466346153846154 0.06370192307692307 0.18269230769230768
9 0.23197115384615385 0.8100961538461539 0.08533653846153846 0.16466346153846154
12 0.1935096153846154 0.08653846153846154 0.06129807692307692 0.12980769230769232
7 0.1814903846153846 0.15264423076923078 0.06009615384615385 0.15144230769230768
7 0.35697115384615385 0.4375 0.0625 0.14903846153846154
10 0.41466346153846156 0.08533653846153846 0.051682692307692304 0.11298076923076923
10 0.27163461538461536 0.16826923076923078 0.054086538461538464 0.11057692307692307
10 0.25721153846153844 0.3473557692307692 0.055288461538461536 0.11658653846153846
10 0.25721153846153844 0.4495192307692308 0.05889423076923077 0.12259615384615384
10 0.3557692307692308 0.5757211538461539 0.05889423076923077 0.12379807692307693