1 0.5961538461538461 0.15384615384615385 0.05889423076923077 0.14903846153846154
2 0.7728365384615384 0.2956730769230769 0.0889423076923077 0.21514423076923078
6 0.5096153846153846 0.2439903846153846 0.06610576923076923 0.12740384615384615
3 0.42908653846153844 0.24759615384615385 0.06610576923076923 0.13581730769230768
3 0.43028846153846156 0.7980769230769231 0.08173076923076923 0.16466346153846154
4 0.7439903846153846 0.7992788461538461 0.0673076923076923 0.13822115384615385
6 0.5649038461538461 0.07451923076923077 0.0625 0.13341346153846154
4 0.6826923076923077 0.34375 0.05889423076923077 0.11538461538461539
4 0.5360576923076923 0.6802884615384616 0.057692307692307696 0.125
4 0.6045673076923077 0.5456730769230769 0.06370192307692307 0.12620192307692307
4 0.484375 0.1658653846153846 0.051682692307692304 0.1141826923076923
4 0.4098557692307692 0.17307692307692307 0.04807692307692308 0.1201923076923077
8 0.14423076923076922 0.41346153846153844 0.08653846153846154 0.21514423076923078
11 0.33413461538461536 0.13942307692307693 0.06370192307692307 0.18389423076923078
9 0.21875 0.8064903846153846 0.08533653846153846 0.1658653846153846
12 0.18028846153846154 0.07932692307692307 0.06129807692307692 0.1310096153846154
7 0.16826923076923078 0.14543269230769232 0.06129807692307692 0.15264423076923078
7 0.3449519230769231 0.4326923076923077 0.06370192307692307 0.1502403846153846
10 0.4026442307692308 0.078125 0.051682692307692304 0.11298076923076923
10 0.25841346153846156 0.16105769230769232 0.054086538461538464 0.11057692307692307
10 0.2439903846153846 0.3425480769230769 0.055288461538461536 0.11778846153846154
10 0.2439903846153846 0.44471153846153844 0.05889423076923077 0.12379807692307693
10 0.3425480769230769 0.5721153846153846 0.05889423076923077 0.125