1 0.6274038461538461 0.15865384615384615 0.06009615384615385 0.15144230769230768
2 0.8064903846153846 0.30288461538461536 0.09014423076923077 0.21875
6 0.5396634615384616 0.25 0.0673076923076923 0.12980769230769232
3 0.4579326923076923 0.2536057692307692 0.0673076923076923 0.13822115384615385
3 0.45913461538461536 0.8125 0.0829326923076923 0.16706730769230768
4 0.7776442307692307 0.8137019230769231 0.06850961538461539 0.13942307692307693
6 0.5961538461538461 0.07692307692307693 0.06370192307692307 0.1346153846153846
4 0.7151442307692307 0.35096153846153844 0.06009615384615385 0.11778846153846154
4 0.5673076923076923 0.6935096153846154 0.05889423076923077 0.12740384615384615
4 0.6358173076923077 0.5576923076923077 0.06490384615384616 0.12860576923076922
4 0.5144230769230769 0.17067307692307693 0.052884615384615384 0.11658653846153846
4 0.4375 0.1778846153846154 0.04807692307692308 0.12259615384615384
8 0.16826923076923078 0.421875 0.08774038461538461 0.21875
11 0.3605769230769231 0.14423076923076922 0.06490384615384616 0.18629807692307693
9 0.2439903846153846 0.8221153846153846 0.08653846153846154 0.16826923076923078
12 0.20552884615384615 0.0829326923076923 0.0625 0.13341346153846154
7 0.1935096153846154 0.1502403846153846 0.06129807692307692 0.15504807692307693
7 0.3713942307692308 0.4423076923076923 0.06370192307692307 0.15264423076923078
10 0.43149038461538464 0.08173076923076923 0.052884615384615384 0.11538461538461539
10 0.28365384615384615 0.1658653846153846 0.055288461538461536 0.11298076923076923
10 0.2704326923076923 0.34975961538461536 0.056490384615384616 0.11899038461538461
10 0.2704326923076923 0.4543269230769231 0.06009615384615385 0.125
10 0.3701923076923077 0.5829326923076923 0.06009615384615385 0.12740384615384615