5 0.7848557692307693 0.29447115384615385 0.06850961538461539 0.15745192307692307
2 0.7896634615384616 0.36778846153846156 0.07211538461538461 0.1875
1 0.8125 0.4951923076923077 0.056490384615384616 0.13221153846153846
1 0.7560096153846154 0.21033653846153846 0.04807692307692308 0.12740384615384615
3 0.7463942307692307 0.13581730769230768 0.05889423076923077 0.11177884615384616
3 0.8293269230769231 0.6153846153846154 0.07211538461538461 0.12139423076923077
6 0.7451923076923077 0.0625 0.046875 0.10336538461538461
6 0.8425480769230769 0.7391826923076923 0.06850961538461539 0.12740384615384615
4 0.7415865384615384 0.7403846153846154 0.051682692307692304 0.10216346153846154
4 0.7259615384615384 0.6177884615384616 0.05048076923076923 0.10216346153846154
4 0.7127403846153846 0.5108173076923077 0.04326923076923077 0.09735576923076923
4 0.7007211538461539 0.40625 0.04567307692307692 0.0985576923076923
4 0.6875 0.3076923076923077 0.04567307692307692 0.09495192307692307
4 0.6778846153846154 0.2247596153846154 0.040865384615384616 0.09735576923076923
4 0.6670673076923077 0.14423076923076922 0.042067307692307696 0.0889423076923077
4 0.6622596153846154 0.06009615384615385 0.040865384615384616 0.09375
11 0.1875 0.2776442307692308 0.0625 0.16826923076923078
8 0.171875 0.3641826923076923 0.06490384615384616 0.1935096153846154
7 0.18990384615384615 0.203125 0.04927884615384615 0.13221153846153846
7 0.15865384615384615 0.4891826923076923 0.055288461538461536 0.13221153846153846
9 0.2091346153846154 0.12379807692307693 0.051682692307692304 0.12740384615384615
9 0.16346153846153846 0.6045673076923077 0.06610576923076923 0.14182692307692307
12 0.140625 0.7512019230769231 0.06370192307692307 0.1346153846153846
12 0.20793269230769232 0.05048076923076923 0.046875 0.10096153846153846
10 0.2848557692307692 0.052884615384615384 0.038461538461538464 0.09735576923076923
10 0.2824519230769231 0.13581730769230768 0.04326923076923077 0.0889423076923077
10 0.2800480769230769 0.22355769230769232 0.042067307692307696 0.0985576923076923
10 0.27524038461538464 0.3076923076923077 0.04807692307692308 0.09975961538461539
10 0.27524038461538464 0.4098557692307692 0.04807692307692308 0.09975961538461539
10 0.2620192307692308 0.515625 0.055288461538461536 0.10336538461538461
10 0.2620192307692308 0.6189903846153846 0.051682692307692304 0.10697115384615384
10 0.25 0.7439903846153846 0.055288461538461536 0.1045673076923077