5 0.7908653846153846 0.2860576923076923 0.06971153846153846 0.15865384615384615
2 0.7944711538461539 0.3605769230769231 0.0733173076923077 0.18990384615384615
1 0.8173076923076923 0.4879807692307692 0.057692307692307696 0.13341346153846154
1 0.7608173076923077 0.20072115384615385 0.04927884615384615 0.12860576923076922
3 0.7512019230769231 0.125 0.05889423076923077 0.11298076923076923
3 0.8353365384615384 0.609375 0.0733173076923077 0.12259615384615384
6 0.7512019230769231 0.052884615384615384 0.05048076923076923 0.10576923076923077
6 0.8485576923076923 0.734375 0.06850961538461539 0.12860576923076922
4 0.7463942307692307 0.7355769230769231 0.052884615384615384 0.10336538461538461
4 0.7307692307692307 0.6117788461538461 0.05048076923076923 0.10336538461538461
4 0.7175480769230769 0.5036057692307693 0.04447115384615385 0.0985576923076923
4 0.7043269230769231 0.39783653846153844 0.04567307692307692 0.09975961538461539
4 0.6923076923076923 0.29927884615384615 0.046875 0.09495192307692307
4 0.6814903846153846 0.21634615384615385 0.040865384615384616 0.0985576923076923
4 0.6706730769230769 0.13341346153846154 0.042067307692307696 0.09014423076923077
4 0.6670673076923077 0.04927884615384615 0.040865384615384616 0.09375
11 0.18629807692307693 0.26802884615384615 0.0625 0.16947115384615385
8 0.17067307692307693 0.3557692307692308 0.06610576923076923 0.19471153846153846
7 0.18990384615384615 0.1935096153846154 0.04927884615384615 0.13341346153846154
7 0.15745192307692307 0.4831730769230769 0.056490384615384616 0.13341346153846154
9 0.20793269230769232 0.11298076923076923 0.051682692307692304 0.12860576923076922
9 0.1622596153846154 0.5985576923076923 0.06610576923076923 0.14302884615384615
12 0.13822115384615385 0.7463942307692307 0.06370192307692307 0.13581730769230768
12 0.20673076923076922 0.04567307692307692 0.04807692307692308 0.09134615384615384
10 0.2848557692307692 0.04567307692307692 0.039663461538461536 0.09134615384615384
10 0.2824519230769231 0.125 0.04326923076923077 0.09014423076923077
10 0.2800480769230769 0.21394230769230768 0.042067307692307696 0.09975961538461539
10 0.27403846153846156 0.29927884615384615 0.04927884615384615 0.10096153846153846
10 0.27524038461538464 0.4026442307692308 0.04807692307692308 0.10096153846153846
10 0.2608173076923077 0.5096153846153846 0.055288461538461536 0.1045673076923077
10 0.2620192307692308 0.6129807692307693 0.051682692307692304 0.10697115384615384
10 0.25 0.7391826923076923 0.056490384615384616 0.10576923076923077