5 0.7824519230769231 0.30288461538461536 0.07091346153846154 0.1622596153846154
2 0.7872596153846154 0.3798076923076923 0.07451923076923077 0.1935096153846154
1 0.8100961538461539 0.5096153846153846 0.05889423076923077 0.13581730769230768
1 0.7524038461538461 0.21634615384615385 0.04927884615384615 0.1310096153846154
3 0.7415865384615384 0.13822115384615385 0.06129807692307692 0.11538461538461539
3 0.828125 0.6346153846153846 0.07451923076923077 0.125
6 0.7403846153846154 0.06370192307692307 0.04807692307692308 0.10697115384615384
6 0.8425480769230769 0.7608173076923077 0.07091346153846154 0.1310096153846154
4 0.7367788461538461 0.7632211538461539 0.052884615384615384 0.10576923076923077
4 0.7211538461538461 0.6358173076923077 0.051682692307692304 0.10576923076923077
4 0.7079326923076923 0.5252403846153846 0.04567307692307692 0.09975961538461539
4 0.6947115384615384 0.4182692307692308 0.046875 0.10216346153846154
4 0.6814903846153846 0.3173076923076923 0.04807692307692308 0.09735576923076923
4 0.6706730769230769 0.23197115384615385 0.042067307692307696 0.09975961538461539
4 0.6610576923076923 0.14783653846153846 0.04326923076923077 0.09254807692307693
4 0.65625 0.06129807692307692 0.042067307692307696 0.09615384615384616
11 0.1658653846153846 0.2848557692307692 0.06490384615384616 0.17307692307692307
8 0.1502403846153846 0.375 0.0673076923076923 0.19951923076923078
7 0.16826923076923078 0.2091346153846154 0.05048076923076923 0.13701923076923078
7 0.13581730769230768 0.5048076923076923 0.057692307692307696 0.13581730769230768
9 0.1875 0.12620192307692307 0.052884615384615384 0.13221153846153846
9 0.14182692307692307 0.6225961538461539 0.06850961538461539 0.1466346153846154
12 0.11658653846153846 0.7740384615384616 0.06490384615384616 0.13942307692307693
12 0.18629807692307693 0.051682692307692304 0.04807692307692308 0.10336538461538461
10 0.265625 0.054086538461538464 0.039663461538461536 0.09975961538461539
10 0.2644230769230769 0.13822115384615385 0.04447115384615385 0.09254807692307693
10 0.2608173076923077 0.22956730769230768 0.04326923076923077 0.10216346153846154
10 0.25600961538461536 0.3161057692307692 0.05048076923076923 0.10336538461538461
10 0.25721153846153844 0.4230769230769231 0.04927884615384615 0.10336538461538461
10 0.24158653846153846 0.53125 0.056490384615384616 0.10697115384615384
10 0.24278846153846154 0.6370192307692307 0.052884615384615384 0.109375
10 0.23076923076923078 0.7668269230769231 0.056490384615384616 0.10817307692307693