6 0.8473557692307693 0.7295673076923077 0.078125 0.15745192307692307
4 0.5192307692307693 0.04927884615384615 0.057692307692307696 0.0985576923076923
2 0.7956730769230769 0.359375 0.08653846153846154 0.21394230769230768
5 0.5985576923076923 0.2800480769230769 0.06971153846153846 0.18509615384615385
4 0.703125 0.3954326923076923 0.06009615384615385 0.10336538461538461
4 0.6790865384615384 0.21634615384615385 0.057692307692307696 0.10216346153846154
4 0.6670673076923077 0.12860576923076922 0.04927884615384615 0.10697115384615384
4 0.5180288461538461 0.29086538461538464 0.04807692307692308 0.11057692307692307
4 0.6286057692307693 0.5096153846153846 0.057692307692307696 0.11778846153846154
3 0.4362980769230769 0.3870192307692308 0.07211538461538461 0.14543269230769232
7 0.4411057692307692 0.5985576923076923 0.06971153846153846 0.15144230769230768
11 0.35697115384615385 0.2800480769230769 0.0673076923076923 0.1935096153846154
9 0.5084134615384616 0.12139423076923077 0.05889423076923077 0.1502403846153846
9 0.15625 0.5997596153846154 0.08052884615384616 0.15144230769230768
8 0.16105769230769232 0.3545673076923077 0.08052884615384616 0.20673076923076922
12 0.19831730769230768 0.04927884615384615 0.06971153846153846 0.0985576923076923
12 0.24759615384615385 0.7415865384615384 0.078125 0.14302884615384615
10 0.25600961538461536 0.6129807692307693 0.06009615384615385 0.11899038461538461
10 0.4362980769230769 0.29086538461538464 0.055288461538461536 0.11057692307692307
10 0.27884615384615385 0.046875 0.04927884615384615 0.09375
10 0.2800480769230769 0.20793269230769232 0.054086538461538464 0.10216346153846154
10 0.4483173076923077 0.734375 0.06490384615384616 0.12379807692307693