6 0.8413461538461539 0.7403846153846154 0.07932692307692307 0.15745192307692307
4 0.5108173076923077 0.052884615384615384 0.054086538461538464 0.1045673076923077
2 0.7884615384615384 0.36899038461538464 0.08774038461538461 0.21514423076923078
5 0.5901442307692307 0.28725961538461536 0.06971153846153846 0.18509615384615385
4 0.6959134615384616 0.4050480769230769 0.06009615384615385 0.10336538461538461
4 0.671875 0.2247596153846154 0.057692307692307696 0.10216346153846154
4 0.6598557692307693 0.13581730769230768 0.04927884615384615 0.10817307692307693
4 0.5096153846153846 0.29927884615384615 0.04807692307692308 0.11177884615384616
4 0.6213942307692307 0.5180288461538461 0.057692307692307696 0.11778846153846154
3 0.42788461538461536 0.3954326923076923 0.07211538461538461 0.14543269230769232
7 0.43149038461538464 0.609375 0.06971153846153846 0.15144230769230768
11 0.3473557692307692 0.28725961538461536 0.06850961538461539 0.19471153846153846
9 0.5 0.12860576923076922 0.06009615384615385 0.15144230769230768
9 0.14543269230769232 0.6105769230769231 0.08052884615384616 0.15264423076923078
8 0.1502403846153846 0.3629807692307692 0.08173076923076923 0.20793269230769232
12 0.18629807692307693 0.052884615384615384 0.0673076923076923 0.1045673076923077
12 0.23798076923076922 0.7524038461538461 0.078125 0.14423076923076922
10 0.24519230769230768 0.6225961538461539 0.06009615384615385 0.1201923076923077
10 0.4266826923076923 0.2980769230769231 0.055288461538461536 0.11177884615384616
10 0.26802884615384615 0.05048076923076923 0.05048076923076923 0.10096153846153846
10 0.2704326923076923 0.21634615384615385 0.054086538461538464 0.10216346153846154
10 0.43990384615384615 0.7451923076923077 0.06490384615384616 0.125