6 0.8425480769230769 0.7331730769230769 0.07692307692307693 0.15384615384615385
4 0.5204326923076923 0.05889423076923077 0.052884615384615384 0.10697115384615384
2 0.7920673076923077 0.3701923076923077 0.08533653846153846 0.2091346153846154
5 0.5985576923076923 0.2920673076923077 0.0673076923076923 0.1814903846153846
4 0.7007211538461539 0.40625 0.05889423076923077 0.10096153846153846
4 0.6778846153846154 0.23076923076923078 0.056490384615384616 0.09975961538461539
4 0.6658653846153846 0.14423076923076922 0.04807692307692308 0.10576923076923077
4 0.5192307692307693 0.30288461538461536 0.046875 0.10817307692307693
4 0.6274038461538461 0.5168269230769231 0.056490384615384616 0.11538461538461539
3 0.43990384615384615 0.39663461538461536 0.07091346153846154 0.14182692307692307
7 0.44350961538461536 0.6045673076923077 0.0673076923076923 0.14783653846153846
11 0.3605769230769231 0.2920673076923077 0.06610576923076923 0.18990384615384615
9 0.5096153846153846 0.13701923076923078 0.057692307692307696 0.14783653846153846
9 0.16466346153846154 0.6057692307692307 0.07932692307692307 0.14903846153846154
8 0.16947115384615385 0.36538461538461536 0.07932692307692307 0.203125
12 0.20432692307692307 0.056490384615384616 0.06610576923076923 0.11298076923076923
12 0.2548076923076923 0.7451923076923077 0.07692307692307693 0.140625
10 0.2620192307692308 0.6189903846153846 0.05889423076923077 0.11658653846153846
10 0.4387019230769231 0.30288461538461536 0.054086538461538464 0.10817307692307693
10 0.2848557692307692 0.055288461538461536 0.04807692307692308 0.10817307692307693
10 0.2860576923076923 0.22115384615384615 0.052884615384615384 0.09975961538461539
10 0.4519230769230769 0.7367788461538461 0.06370192307692307 0.12139423076923077