5 0.8149038461538461 0.2692307692307692 0.06129807692307692 0.14903846153846154
2 0.8197115384615384 0.35336538461538464 0.08173076923076923 0.18870192307692307
1 0.7872596153846154 0.19471153846153846 0.054086538461538464 0.1310096153846154
1 0.8305288461538461 0.4891826923076923 0.06129807692307692 0.1310096153846154
6 0.7716346153846154 0.109375 0.056490384615384616 0.11899038461538461
6 0.8545673076923077 0.6033653846153846 0.07451923076923077 0.1346153846153846
6 0.7680288461538461 0.04807692307692308 0.05048076923076923 0.09615384615384616
6 0.8677884615384616 0.7331730769230769 0.07692307692307693 0.13341346153846154
4 0.6814903846153846 0.04447115384615385 0.04567307692307692 0.0889423076923077
4 0.6875 0.1201923076923077 0.04447115384615385 0.09615384615384616
4 0.6971153846153846 0.20432692307692307 0.046875 0.0985576923076923
4 0.7079326923076923 0.2860576923076923 0.046875 0.109375
4 0.7223557692307693 0.38461538461538464 0.04326923076923077 0.10697115384615384
4 0.7355769230769231 0.49278846153846156 0.04567307692307692 0.11057692307692307
4 0.75 0.6069711538461539 0.04807692307692308 0.109375
4 0.7644230769230769 0.7319711538461539 0.054086538461538464 0.1201923076923077
11 0.19230769230769232 0.2608173076923077 0.0673076923076923 0.17067307692307693
8 0.1778846153846154 0.3485576923076923 0.07091346153846154 0.19831730769230768
7 0.1971153846153846 0.18269230769230768 0.054086538461538464 0.13341346153846154
7 0.16346153846153846 0.47475961538461536 0.0625 0.14302884615384615
9 0.20552884615384615 0.1045673076923077 0.056490384615384616 0.12259615384615384
9 0.15865384615384615 0.6141826923076923 0.07091346153846154 0.140625
12 0.1466346153846154 0.7439903846153846 0.06971153846153846 0.14543269230769232
12 0.21394230769230768 0.040865384615384616 0.052884615384615384 0.08173076923076923
10 0.28966346153846156 0.038461538461538464 0.04927884615384615 0.07572115384615384
10 0.28966346153846156 0.1141826923076923 0.04927884615384615 0.09495192307692307
10 0.28846153846153844 0.203125 0.04807692307692308 0.10096153846153846
10 0.28125 0.29086538461538464 0.05889423076923077 0.10216346153846154
10 0.28125 0.39663461538461536 0.05889423076923077 0.10817307692307693
10 0.2692307692307692 0.5024038461538461 0.06009615384615385 0.0985576923076923
10 0.26802884615384615 0.609375 0.06370192307692307 0.109375
10 0.25721153846153844 0.7367788461538461 0.06370192307692307 0.10817307692307693