5 0.7884615384615384 0.28846153846153844 0.06009615384615385 0.14302884615384615
2 0.7932692307692307 0.36899038461538464 0.078125 0.18269230769230768
1 0.7620192307692307 0.21514423076923078 0.051682692307692304 0.12620192307692307
1 0.8040865384615384 0.4987980769230769 0.05889423076923077 0.12620192307692307
6 0.7463942307692307 0.13341346153846154 0.055288461538461536 0.1141826923076923
6 0.8269230769230769 0.609375 0.07091346153846154 0.12980769230769232
6 0.7427884615384616 0.0673076923076923 0.04807692307692308 0.10697115384615384
6 0.8389423076923077 0.734375 0.07451923076923077 0.12860576923076922
4 0.6598557692307693 0.06490384615384616 0.040865384615384616 0.09375
4 0.6646634615384616 0.14423076923076922 0.04326923076923077 0.09254807692307693
4 0.6754807692307693 0.2247596153846154 0.04567307692307692 0.09495192307692307
4 0.6850961538461539 0.30408653846153844 0.04567307692307692 0.10576923076923077
4 0.6995192307692307 0.39903846153846156 0.042067307692307696 0.10216346153846154
4 0.7115384615384616 0.5024038461538461 0.04326923076923077 0.10697115384615384
4 0.7247596153846154 0.6129807692307693 0.046875 0.10576923076923077
4 0.7391826923076923 0.734375 0.051682692307692304 0.11538461538461539
11 0.18870192307692307 0.27884615384615385 0.06490384615384616 0.16466346153846154
8 0.17427884615384615 0.3641826923076923 0.06850961538461539 0.19110576923076922
7 0.19230769230769232 0.20432692307692307 0.052884615384615384 0.12860576923076922
7 0.15985576923076922 0.4855769230769231 0.06009615384615385 0.13701923076923078
9 0.20072115384615385 0.12860576923076922 0.055288461538461536 0.11778846153846154
9 0.15625 0.6201923076923077 0.0673076923076923 0.13581730769230768
12 0.14302884615384615 0.7451923076923077 0.0673076923076923 0.140625
12 0.2091346153846154 0.052884615384615384 0.05048076923076923 0.10576923076923077
10 0.28125 0.056490384615384616 0.046875 0.08774038461538461
10 0.28125 0.13822115384615385 0.04807692307692308 0.09134615384615384
10 0.28125 0.22355769230769232 0.046875 0.09735576923076923
10 0.27283653846153844 0.3088942307692308 0.056490384615384616 0.0985576923076923
10 0.27283653846153844 0.4110576923076923 0.056490384615384616 0.1045673076923077
10 0.2620192307692308 0.5132211538461539 0.057692307692307696 0.09495192307692307
10 0.2608173076923077 0.6153846153846154 0.06129807692307692 0.10576923076923077
10 0.2512019230769231 0.7379807692307693 0.06129807692307692 0.1045673076923077