5 0.8028846153846154 0.27884615384615385 0.0625 0.14903846153846154
2 0.8064903846153846 0.3629807692307692 0.08173076923076923 0.18990384615384615
1 0.7752403846153846 0.203125 0.054086538461538464 0.13221153846153846
1 0.8185096153846154 0.4987980769230769 0.06129807692307692 0.13221153846153846
6 0.7584134615384616 0.11778846153846154 0.056490384615384616 0.11899038461538461
6 0.8425480769230769 0.6129807692307693 0.07451923076923077 0.13581730769230768
6 0.7572115384615384 0.052884615384615384 0.052884615384615384 0.10576923076923077
6 0.8557692307692307 0.7439903846153846 0.078125 0.13341346153846154
4 0.6682692307692307 0.04807692307692308 0.04326923076923077 0.09495192307692307
4 0.6742788461538461 0.12860576923076922 0.04447115384615385 0.09615384615384616
4 0.6838942307692307 0.2127403846153846 0.04807692307692308 0.0985576923076923
4 0.6947115384615384 0.2956730769230769 0.046875 0.11057692307692307
4 0.7103365384615384 0.3942307692307692 0.04326923076923077 0.10697115384615384
4 0.7223557692307693 0.5024038461538461 0.04567307692307692 0.11177884615384616
4 0.7367788461538461 0.6177884615384616 0.04927884615384615 0.109375
4 0.7512019230769231 0.7439903846153846 0.054086538461538464 0.1201923076923077
11 0.17668269230769232 0.2692307692307692 0.0673076923076923 0.171875
8 0.1622596153846154 0.3581730769230769 0.07091346153846154 0.19951923076923078
7 0.1814903846153846 0.19110576923076922 0.055288461538461536 0.1346153846153846
7 0.14783653846153846 0.4855769230769231 0.0625 0.14302884615384615
9 0.18870192307692307 0.11298076923076923 0.056490384615384616 0.12379807692307693
9 0.14302884615384615 0.625 0.07091346153846154 0.140625
12 0.12980769230769232 0.7560096153846154 0.07091346153846154 0.1466346153846154
12 0.19831730769230768 0.04447115384615385 0.052884615384615384 0.0889423076923077
10 0.27403846153846156 0.042067307692307696 0.04927884615384615 0.08413461538461539
10 0.27403846153846156 0.12259615384615384 0.04927884615384615 0.09495192307692307
10 0.27403846153846156 0.21153846153846154 0.04807692307692308 0.10096153846153846
10 0.265625 0.3004807692307692 0.05889423076923077 0.10336538461538461
10 0.265625 0.40625 0.05889423076923077 0.109375
10 0.2536057692307692 0.5132211538461539 0.06129807692307692 0.09975961538461539
10 0.25240384615384615 0.6201923076923077 0.06370192307692307 0.109375
10 0.24158653846153846 0.7475961538461539 0.06370192307692307 0.10817307692307693