10 0.2692307692307692 0.16346153846153846 0.040865384615384616 0.09254807692307693
4 0.6826923076923077 0.3401442307692308 0.04326923076923077 0.09975961538461539
2 0.7716346153846154 0.2932692307692308 0.07211538461538461 0.20673076923076922
4 0.5096153846153846 0.2548076923076923 0.042067307692307696 0.09134615384615384
10 0.2644230769230769 0.09375 0.054086538461538464 0.1045673076923077
4 0.5733173076923077 0.17067307692307693 0.04807692307692308 0.0985576923076923
1 0.7355769230769231 0.15504807692307693 0.055288461538461536 0.12860576923076922
11 0.2704326923076923 0.20552884615384615 0.07091346153846154 0.12980769230769232
10 0.2668269230769231 0.3269230769230769 0.057692307692307696 0.125
4 0.6550480769230769 0.09014423076923077 0.042067307692307696 0.09014423076923077
10 0.4110576923076923 0.2439903846153846 0.04567307692307692 0.10697115384615384
8 0.15384615384615385 0.40625 0.07091346153846154 0.1814903846153846
7 0.1814903846153846 0.16105769230769232 0.06610576923076923 0.1502403846153846
3 0.5120192307692307 0.3389423076923077 0.0625 0.12740384615384615
12 0.18629807692307693 0.09735576923076923 0.06610576923076923 0.14783653846153846
10 0.43149038461538464 0.5552884615384616 0.06009615384615385 0.11177884615384616
3 0.5985576923076923 0.3269230769230769 0.05889423076923077 0.14182692307692307
5 0.7091346153846154 0.4230769230769231 0.07211538461538461 0.15625
4 0.546875 0.6574519230769231 0.057692307692307696 0.10697115384615384
10 0.2439903846153846 0.6658653846153846 0.051682692307692304 0.1045673076923077
6 0.7199519230769231 0.07932692307692307 0.052884615384615384 0.09975961538461539
4 0.5973557692307693 0.5420673076923077 0.054086538461538464 0.11658653846153846
6 0.8497596153846154 0.7800480769230769 0.07211538461538461 0.14543269230769232
7 0.12860576923076922 0.6586538461538461 0.07091346153846154 0.14302884615384615
3 0.8137019230769231 0.5384615384615384 0.08173076923076923 0.125
9 0.15144230769230768 0.5420673076923077 0.07211538461538461 0.14783653846153846
9 0.3449519230769231 0.3233173076923077 0.06129807692307692 0.14302884615384615
10 0.25600961538461536 0.42427884615384615 0.0625 0.12860576923076922
4 0.5264423076923077 0.45072115384615385 0.055288461538461536 0.11298076923076923
10 0.4362980769230769 0.7824519230769231 0.0625 0.1201923076923077
12 0.3449519230769231 0.78125 0.06971153846153846 0.14543269230769232
4 0.7463942307692307 0.7776442307692307 0.055288461538461536 0.1141826923076923