10 0.27403846153846156 0.16466346153846154 0.040865384615384616 0.09254807692307693
4 0.6862980769230769 0.34134615384615385 0.04326923076923077 0.09975961538461539
2 0.7740384615384616 0.29447115384615385 0.07091346153846154 0.20552884615384615
4 0.5132211538461539 0.25600961538461536 0.042067307692307696 0.09134615384615384
10 0.2692307692307692 0.09615384615384616 0.054086538461538464 0.10336538461538461
4 0.5769230769230769 0.171875 0.04807692307692308 0.0985576923076923
1 0.7391826923076923 0.15745192307692307 0.055288461538461536 0.12860576923076922
11 0.2764423076923077 0.20673076923076922 0.07091346153846154 0.12860576923076922
10 0.27283653846153844 0.328125 0.057692307692307696 0.12379807692307693
4 0.6586538461538461 0.09254807692307693 0.042067307692307696 0.09014423076923077
10 0.41586538461538464 0.24519230769230768 0.04567307692307692 0.10697115384615384
8 0.15985576923076922 0.4074519230769231 0.07091346153846154 0.1814903846153846
7 0.1875 0.1622596153846154 0.06610576923076923 0.1502403846153846
3 0.515625 0.3401442307692308 0.0625 0.12740384615384615
12 0.19230769230769232 0.09975961538461539 0.06610576923076923 0.14783653846153846
10 0.4362980769230769 0.5552884615384616 0.05889423076923077 0.11177884615384616
3 0.6033653846153846 0.328125 0.05889423076923077 0.140625
5 0.7127403846153846 0.42427884615384615 0.07211538461538461 0.15625
4 0.5516826923076923 0.65625 0.057692307692307696 0.10576923076923077
10 0.25 0.6646634615384616 0.051682692307692304 0.1045673076923077
6 0.7223557692307693 0.08173076923076923 0.052884615384615384 0.09975961538461539
4 0.6021634615384616 0.5420673076923077 0.054086538461538464 0.11658653846153846
6 0.8521634615384616 0.7788461538461539 0.07211538461538461 0.14423076923076922
7 0.13581730769230768 0.6574519230769231 0.07091346153846154 0.14182692307692307
3 0.8173076923076923 0.5384615384615384 0.08052884615384616 0.12379807692307693
9 0.15745192307692307 0.5420673076923077 0.07091346153846154 0.14783653846153846
9 0.34975961538461536 0.3233173076923077 0.06129807692307692 0.14182692307692307
10 0.2620192307692308 0.4254807692307692 0.0625 0.12740384615384615
4 0.5300480769230769 0.45072115384615385 0.054086538461538464 0.11177884615384616
10 0.4411057692307692 0.7800480769230769 0.0625 0.11899038461538461
12 0.34975961538461536 0.7800480769230769 0.06971153846153846 0.14423076923076922
4 0.75 0.7764423076923077 0.055288461538461536 0.1141826923076923