10 0.2800480769230769 0.15985576923076922 0.042067307692307696 0.09495192307692307
4 0.7043269230769231 0.34134615384615385 0.04447115384615385 0.10216346153846154
2 0.7956730769230769 0.2932692307692308 0.0733173076923077 0.2127403846153846
4 0.5264423076923077 0.2536057692307692 0.04326923076923077 0.09375
10 0.27524038461538464 0.08774038461538461 0.055288461538461536 0.10697115384615384
4 0.5925480769230769 0.16706730769230768 0.05048076923076923 0.10096153846153846
1 0.7596153846153846 0.15144230769230768 0.056490384615384616 0.13221153846153846
11 0.2824519230769231 0.203125 0.07211538461538461 0.13341346153846154
10 0.2776442307692308 0.3269230769230769 0.05889423076923077 0.12860576923076922
4 0.6766826923076923 0.08413461538461539 0.04326923076923077 0.09254807692307693
10 0.4254807692307692 0.24278846153846154 0.046875 0.109375
8 0.1622596153846154 0.40865384615384615 0.07211538461538461 0.18629807692307693
7 0.19110576923076922 0.15625 0.0673076923076923 0.15504807692307693
3 0.5288461538461539 0.3401442307692308 0.06370192307692307 0.1310096153846154
12 0.19591346153846154 0.09134615384615384 0.06850961538461539 0.15144230769230768
10 0.44711538461538464 0.5625 0.06129807692307692 0.1141826923076923
3 0.6189903846153846 0.328125 0.06129807692307692 0.14543269230769232
5 0.7319711538461539 0.4266826923076923 0.07451923076923077 0.16105769230769232
4 0.5661057692307693 0.6658653846153846 0.05889423076923077 0.109375
10 0.2548076923076923 0.6742788461538461 0.052884615384615384 0.10817307692307693
6 0.7427884615384616 0.0733173076923077 0.054086538461538464 0.10216346153846154
4 0.6177884615384616 0.5480769230769231 0.055288461538461536 0.1201923076923077
6 0.8762019230769231 0.7920673076923077 0.07451923076923077 0.14903846153846154
7 0.13701923076923078 0.6670673076923077 0.07211538461538461 0.1466346153846154
3 0.8401442307692307 0.5444711538461539 0.08413461538461539 0.12860576923076922
9 0.15865384615384615 0.5480769230769231 0.0733173076923077 0.15144230769230768
9 0.3581730769230769 0.3233173076923077 0.06370192307692307 0.1466346153846154
10 0.2668269230769231 0.42788461538461536 0.06370192307692307 0.13221153846153846
4 0.5444711538461539 0.4543269230769231 0.056490384615384616 0.11538461538461539
10 0.4519230769230769 0.7944711538461539 0.06490384615384616 0.12259615384615384
12 0.3581730769230769 0.7932692307692307 0.07211538461538461 0.14903846153846154
4 0.7704326923076923 0.7896634615384616 0.057692307692307696 0.11778846153846154