2 0.78125 0.296875 0.07211538461538461 0.19591346153846154
5 0.7127403846153846 0.4206730769230769 0.06971153846153846 0.1814903846153846
6 0.8569711538461539 0.7884615384615384 0.07932692307692307 0.13581730769230768
6 0.7427884615384616 0.07932692307692307 0.057692307692307696 0.1201923076923077
1 0.36177884615384615 0.5432692307692307 0.06490384615384616 0.14543269230769232
1 0.6586538461538461 0.0733173076923077 0.052884615384615384 0.14302884615384615
3 0.6129807692307693 0.34134615384615385 0.057692307692307696 0.14543269230769232
3 0.6538461538461539 0.6658653846153846 0.0673076923076923 0.13701923076923078
4 0.6045673076923077 0.5480769230769231 0.06009615384615385 0.11658653846153846
4 0.7487980769230769 0.7908653846153846 0.0625 0.1141826923076923
4 0.6911057692307693 0.3449519230769231 0.04447115384615385 0.109375
4 0.5829326923076923 0.17427884615384615 0.04326923076923077 0.10817307692307693
4 0.5132211538461539 0.08653846153846154 0.04807692307692308 0.10576923076923077
4 0.5204326923076923 0.2620192307692308 0.046875 0.11177884615384616
4 0.3581730769230769 0.453125 0.046875 0.10697115384615384
4 0.5492788461538461 0.6694711538461539 0.05048076923076923 0.11658653846153846
12 0.1971153846153846 0.08533653846153846 0.051682692307692304 0.11899038461538461
12 0.3485576923076923 0.7848557692307693 0.06610576923076923 0.14543269230769232
11 0.2764423076923077 0.21875 0.06850961538461539 0.17067307692307693
8 0.16105769230769232 0.40625 0.0733173076923077 0.19471153846153846
7 0.18629807692307693 0.14783653846153846 0.056490384615384616 0.140625
7 0.14302884615384615 0.6682692307692307 0.06971153846153846 0.140625
9 0.1622596153846154 0.5492788461538461 0.07572115384615384 0.13581730769230768
9 0.3545673076923077 0.328125 0.057692307692307696 0.13221153846153846
10 0.421875 0.24278846153846154 0.04927884615384615 0.11057692307692307
10 0.41466346153846156 0.08052884615384616 0.04807692307692308 0.10697115384615384
10 0.27524038461538464 0.1622596153846154 0.04927884615384615 0.10096153846153846
10 0.26322115384615385 0.3401442307692308 0.04927884615384615 0.109375
10 0.24759615384615385 0.6730769230769231 0.057692307692307696 0.11538461538461539
10 0.2608173076923077 0.4362980769230769 0.055288461538461536 0.1141826923076923
10 0.4362980769230769 0.5612980769230769 0.04807692307692308 0.1141826923076923
10 0.4495192307692308 0.7992788461538461 0.05889423076923077 0.11899038461538461