2 0.7920673076923077 0.2956730769230769 0.0733173076923077 0.19831730769230768
5 0.7223557692307693 0.421875 0.07091346153846154 0.18389423076923078
6 0.8677884615384616 0.7956730769230769 0.08052884615384616 0.13822115384615385
6 0.7512019230769231 0.07572115384615384 0.05889423076923077 0.12259615384615384
1 0.3641826923076923 0.5456730769230769 0.06610576923076923 0.14783653846153846
1 0.6658653846153846 0.07211538461538461 0.054086538461538464 0.14302884615384615
3 0.6201923076923077 0.34134615384615385 0.05889423076923077 0.1466346153846154
3 0.6610576923076923 0.6694711538461539 0.06850961538461539 0.13942307692307693
4 0.6117788461538461 0.5516826923076923 0.06009615384615385 0.11899038461538461
4 0.7572115384615384 0.7980769230769231 0.06370192307692307 0.11658653846153846
4 0.6995192307692307 0.3449519230769231 0.04567307692307692 0.11057692307692307
4 0.5901442307692307 0.171875 0.04326923076923077 0.11057692307692307
4 0.5180288461538461 0.08173076923076923 0.04927884615384615 0.10697115384615384
4 0.5264423076923077 0.25961538461538464 0.04807692307692308 0.1141826923076923
4 0.3605769230769231 0.4543269230769231 0.046875 0.10817307692307693
4 0.5552884615384616 0.6742788461538461 0.051682692307692304 0.11778846153846154
12 0.19831730769230768 0.08052884615384616 0.052884615384615384 0.1201923076923077
12 0.35096153846153844 0.7908653846153846 0.0673076923076923 0.14783653846153846
11 0.2776442307692308 0.21634615384615385 0.06971153846153846 0.17307692307692307
8 0.1622596153846154 0.4074519230769231 0.07451923076923077 0.1971153846153846
7 0.1875 0.14423076923076922 0.057692307692307696 0.14182692307692307
7 0.14302884615384615 0.6730769230769231 0.07091346153846154 0.14302884615384615
9 0.16346153846153846 0.5516826923076923 0.07692307692307693 0.13822115384615385
9 0.3581730769230769 0.328125 0.05889423076923077 0.1346153846153846
10 0.4254807692307692 0.2403846153846154 0.04927884615384615 0.11177884615384616
10 0.41947115384615385 0.07572115384615384 0.04807692307692308 0.10817307692307693
10 0.2764423076923077 0.15985576923076922 0.04927884615384615 0.10216346153846154
10 0.2644230769230769 0.3389423076923077 0.04927884615384615 0.11057692307692307
10 0.24879807692307693 0.6778846153846154 0.05889423076923077 0.11778846153846154
10 0.26322115384615385 0.4375 0.055288461538461536 0.11658653846153846
10 0.43990384615384615 0.5649038461538461 0.04927884615384615 0.11538461538461539
10 0.4543269230769231 0.8052884615384616 0.06009615384615385 0.1201923076923077