2 0.7776442307692307 0.28125 0.0733173076923077 0.19831730769230768
5 0.7079326923076923 0.4074519230769231 0.07091346153846154 0.18389423076923078
6 0.8533653846153846 0.78125 0.08052884615384616 0.13822115384615385
6 0.7367788461538461 0.06129807692307692 0.05889423076923077 0.12259615384615384
1 0.34975961538461536 0.53125 0.06610576923076923 0.14783653846153846
1 0.6514423076923077 0.06490384615384616 0.054086538461538464 0.12860576923076922
3 0.6057692307692307 0.3269230769230769 0.05889423076923077 0.1466346153846154
3 0.6466346153846154 0.65625 0.06850961538461539 0.13942307692307693
4 0.5973557692307693 0.5372596153846154 0.06009615384615385 0.11899038461538461
4 0.7427884615384616 0.7836538461538461 0.06370192307692307 0.11658653846153846
4 0.6850961538461539 0.33052884615384615 0.04567307692307692 0.11057692307692307
4 0.5757211538461539 0.15745192307692307 0.04326923076923077 0.11057692307692307
4 0.5036057692307693 0.0673076923076923 0.04927884615384615 0.10697115384615384
4 0.5120192307692307 0.24639423076923078 0.04807692307692308 0.1141826923076923
4 0.34615384615384615 0.43990384615384615 0.046875 0.10817307692307693
4 0.5408653846153846 0.6598557692307693 0.051682692307692304 0.11778846153846154
12 0.18389423076923078 0.06610576923076923 0.052884615384615384 0.1201923076923077
12 0.33653846153846156 0.7764423076923077 0.0673076923076923 0.14783653846153846
11 0.26322115384615385 0.203125 0.06971153846153846 0.17307692307692307
8 0.14783653846153846 0.39302884615384615 0.07451923076923077 0.1971153846153846
7 0.17307692307692307 0.1310096153846154 0.057692307692307696 0.14182692307692307
7 0.12860576923076922 0.6586538461538461 0.07091346153846154 0.14302884615384615
9 0.14903846153846154 0.5372596153846154 0.07692307692307693 0.13822115384615385
9 0.34375 0.3137019230769231 0.05889423076923077 0.1346153846153846
10 0.4110576923076923 0.22716346153846154 0.04927884615384615 0.11177884615384616
10 0.4050480769230769 0.0625 0.04807692307692308 0.10817307692307693
10 0.2620192307692308 0.14543269230769232 0.04927884615384615 0.10216346153846154
10 0.25 0.32572115384615385 0.04927884615384615 0.11057692307692307
10 0.234375 0.6634615384615384 0.05889423076923077 0.11778846153846154
10 0.24759615384615385 0.42427884615384615 0.055288461538461536 0.11658653846153846
10 0.4254807692307692 0.5504807692307693 0.04927884615384615 0.11538461538461539
10 0.43990384615384615 0.7908653846153846 0.06009615384615385 0.1201923076923077