6 0.7572115384615384 0.08533653846153846 0.057692307692307696 0.12740384615384615
6 0.8774038461538461 0.8125 0.078125 0.14302884615384615
2 0.7980769230769231 0.3088942307692308 0.07572115384615384 0.20432692307692307
5 0.7319711538461539 0.42427884615384615 0.06850961538461539 0.17307692307692307
4 0.7055288461538461 0.3545673076923077 0.04326923076923077 0.109375
4 0.7680288461538461 0.8112980769230769 0.057692307692307696 0.1141826923076923
3 0.8449519230769231 0.5661057692307693 0.07572115384615384 0.13221153846153846
3 0.6262019230769231 0.35216346153846156 0.057692307692307696 0.14423076923076922
1 0.6742788461538461 0.08052884615384616 0.051682692307692304 0.140625
1 0.53125 0.3449519230769231 0.06370192307692307 0.14423076923076922
4 0.5216346153846154 0.09014423076923077 0.04447115384615385 0.1045673076923077
4 0.5949519230769231 0.17908653846153846 0.04447115384615385 0.10697115384615384
4 0.5300480769230769 0.27283653846153844 0.04927884615384615 0.109375
4 0.5492788461538461 0.46033653846153844 0.046875 0.109375
4 0.6177884615384616 0.5649038461538461 0.04927884615384615 0.11538461538461539
4 0.5588942307692307 0.6911057692307693 0.056490384615384616 0.1201923076923077
9 0.359375 0.3389423076923077 0.06129807692307692 0.14182692307692307
9 0.15985576923076922 0.5649038461538461 0.07932692307692307 0.13701923076923078
8 0.16466346153846154 0.4206730769230769 0.07451923076923077 0.20072115384615385
7 0.14182692307692307 0.6899038461538461 0.06971153846153846 0.14423076923076922
7 0.18870192307692307 0.15504807692307693 0.05889423076923077 0.140625
12 0.19951923076923078 0.09134615384615384 0.05048076923076923 0.12740384615384615
12 0.3545673076923077 0.8076923076923077 0.07091346153846154 0.14423076923076922
10 0.25 0.6923076923076923 0.055288461538461536 0.11538461538461539
10 0.2644230769230769 0.453125 0.056490384615384616 0.10576923076923077
10 0.265625 0.35216346153846156 0.052884615384615384 0.1045673076923077
11 0.27884615384615385 0.22716346153846154 0.0733173076923077 0.171875
10 0.2800480769230769 0.16706730769230768 0.04326923076923077 0.09735576923076923
10 0.42427884615384615 0.08774038461538461 0.046875 0.1045673076923077
10 0.4266826923076923 0.2512019230769231 0.04807692307692308 0.10697115384615384
10 0.4411057692307692 0.5793269230769231 0.054086538461538464 0.11298076923076923
10 0.45913461538461536 0.8173076923076923 0.05889423076923077 0.11899038461538461