6 0.734375 0.078125 0.055288461538461536 0.12259615384615384
6 0.8521634615384616 0.7836538461538461 0.07572115384615384 0.13822115384615385
2 0.7752403846153846 0.29447115384615385 0.0733173076923077 0.19831730769230768
5 0.7115384615384616 0.40625 0.06610576923076923 0.16706730769230768
4 0.6850961538461539 0.3389423076923077 0.042067307692307696 0.10576923076923077
4 0.7463942307692307 0.7824519230769231 0.056490384615384616 0.11057692307692307
3 0.8197115384615384 0.5444711538461539 0.0733173076923077 0.12740384615384615
3 0.6081730769230769 0.33653846153846156 0.055288461538461536 0.13942307692307693
1 0.6550480769230769 0.0733173076923077 0.05048076923076923 0.13701923076923078
1 0.515625 0.3293269230769231 0.06129807692307692 0.140625
4 0.5072115384615384 0.0829326923076923 0.04326923076923077 0.10096153846153846
4 0.578125 0.16947115384615385 0.04326923076923077 0.10336538461538461
4 0.515625 0.2608173076923077 0.046875 0.10697115384615384
4 0.5336538461538461 0.4411057692307692 0.04567307692307692 0.10576923076923077
4 0.6009615384615384 0.5432692307692307 0.04807692307692308 0.11298076923076923
4 0.5432692307692307 0.6658653846153846 0.055288461538461536 0.11658653846153846
9 0.34975961538461536 0.3245192307692308 0.06009615384615385 0.13701923076923078
9 0.15745192307692307 0.5420673076923077 0.07692307692307693 0.13341346153846154
8 0.16105769230769232 0.40384615384615385 0.07211538461538461 0.19471153846153846
7 0.13942307692307693 0.6634615384615384 0.0673076923076923 0.140625
7 0.18389423076923078 0.14543269230769232 0.057692307692307696 0.13701923076923078
12 0.19471153846153846 0.08413461538461539 0.04807692307692308 0.12379807692307693
12 0.3449519230769231 0.7788461538461539 0.06850961538461539 0.140625
10 0.2439903846153846 0.6670673076923077 0.054086538461538464 0.11177884615384616
10 0.25721153846153844 0.4338942307692308 0.055288461538461536 0.10216346153846154
10 0.25961538461538464 0.33653846153846156 0.05048076923076923 0.10216346153846154
11 0.27163461538461536 0.21514423076923078 0.07091346153846154 0.16706730769230768
10 0.27283653846153844 0.15745192307692307 0.042067307692307696 0.09495192307692307
10 0.41225961538461536 0.08052884615384616 0.04567307692307692 0.10216346153846154
10 0.41586538461538464 0.23918269230769232 0.046875 0.10336538461538461
10 0.42908653846153844 0.5564903846153846 0.051682692307692304 0.109375
10 0.44711538461538464 0.7884615384615384 0.057692307692307696 0.11538461538461539