6 0.7283653846153846 0.0625 0.057692307692307696 0.125
6 0.8485576923076923 0.7848557692307693 0.078125 0.14182692307692307
2 0.7692307692307693 0.28365384615384615 0.07572115384615384 0.203125
5 0.7043269230769231 0.39903846153846156 0.06850961538461539 0.171875
4 0.6766826923076923 0.3293269230769231 0.04326923076923077 0.10817307692307693
4 0.7403846153846154 0.7848557692307693 0.057692307692307696 0.1141826923076923
3 0.8161057692307693 0.5396634615384616 0.07451923076923077 0.1310096153846154
3 0.5985576923076923 0.3269230769230769 0.057692307692307696 0.14302884615384615
1 0.6466346153846154 0.06490384615384616 0.052884615384615384 0.12980769230769232
1 0.5036057692307693 0.31971153846153844 0.06370192307692307 0.14423076923076922
4 0.4951923076923077 0.06610576923076923 0.04447115384615385 0.10336538461538461
4 0.5673076923076923 0.15504807692307693 0.04447115384615385 0.10576923076923077
4 0.5024038461538461 0.24879807692307693 0.04807692307692308 0.109375
4 0.5216346153846154 0.4338942307692308 0.046875 0.10817307692307693
4 0.5901442307692307 0.5396634615384616 0.04927884615384615 0.11538461538461539
4 0.5324519230769231 0.6646634615384616 0.056490384615384616 0.11899038461538461
9 0.3329326923076923 0.3137019230769231 0.06129807692307692 0.140625
9 0.1346153846153846 0.5384615384615384 0.078125 0.13581730769230768
8 0.13942307692307693 0.3954326923076923 0.0733173076923077 0.20072115384615385
7 0.11658653846153846 0.6622596153846154 0.06850961538461539 0.14423076923076922
7 0.16346153846153846 0.1310096153846154 0.05889423076923077 0.140625
12 0.17427884615384615 0.06850961538461539 0.05048076923076923 0.12740384615384615
12 0.328125 0.7800480769230769 0.06971153846153846 0.14423076923076922
10 0.22355769230769232 0.6658653846153846 0.055288461538461536 0.1141826923076923
10 0.23798076923076922 0.4266826923076923 0.056490384615384616 0.1045673076923077
10 0.2403846153846154 0.3269230769230769 0.051682692307692304 0.1045673076923077
11 0.25240384615384615 0.203125 0.07211538461538461 0.17067307692307693
10 0.2536057692307692 0.14302884615384615 0.04326923076923077 0.09735576923076923
10 0.39783653846153844 0.06490384615384616 0.046875 0.1045673076923077
10 0.40024038461538464 0.22716346153846154 0.04807692307692308 0.10576923076923077
10 0.41466346153846156 0.5528846153846154 0.054086538461538464 0.11298076923076923
10 0.4326923076923077 0.7908653846153846 0.05889423076923077 0.11778846153846154