2 0.7692307692307693 0.3016826923076923 0.07932692307692307 0.203125
3 0.5949519230769231 0.3401442307692308 0.056490384615384616 0.1466346153846154
3 0.4387019230769231 0.7860576923076923 0.0673076923076923 0.1622596153846154
6 0.5697115384615384 0.078125 0.056490384615384616 0.12980769230769232
6 0.5216346153846154 0.4362980769230769 0.0625 0.13942307692307693
4 0.7427884615384616 0.7872596153846154 0.0625 0.125
4 0.6838942307692307 0.34375 0.052884615384615384 0.11057692307692307
4 0.6081730769230769 0.5432692307692307 0.05048076923076923 0.11778846153846154
4 0.5408653846153846 0.6682692307692307 0.05889423076923077 0.11538461538461539
4 0.5144230769230769 0.2644230769230769 0.054086538461538464 0.1045673076923077
4 0.49038461538461536 0.17067307692307693 0.05048076923076923 0.11057692307692307
1 0.5973557692307693 0.15865384615384615 0.051682692307692304 0.15144230769230768
1 0.35096153846153844 0.5420673076923077 0.06850961538461539 0.1502403846153846
11 0.34375 0.1466346153846154 0.05889423076923077 0.17908653846153846
9 0.234375 0.7944711538461539 0.0733173076923077 0.16346153846153846
9 0.34615384615384615 0.3245192307692308 0.06129807692307692 0.13701923076923078
7 0.3545673076923077 0.43149038461538464 0.056490384615384616 0.140625
7 0.18028846153846154 0.14903846153846154 0.06971153846153846 0.14423076923076922
12 0.1935096153846154 0.09134615384615384 0.056490384615384616 0.12259615384615384
8 0.15985576923076922 0.4074519230769231 0.07932692307692307 0.20552884615384615
10 0.40865384615384615 0.08413461538461539 0.051682692307692304 0.11057692307692307
10 0.27163461538461536 0.16706730769230768 0.051682692307692304 0.10576923076923077
10 0.25600961538461536 0.3389423076923077 0.05048076923076923 0.10216346153846154
10 0.2548076923076923 0.4375 0.054086538461538464 0.11298076923076923
10 0.24519230769230768 0.671875 0.05889423076923077 0.11658653846153846