2 0.7668269230769231 0.29447115384615385 0.08052884615384616 0.20673076923076922
3 0.5889423076923077 0.3329326923076923 0.056490384615384616 0.14783653846153846
3 0.43028846153846156 0.7860576923076923 0.06850961538461539 0.16466346153846154
6 0.5637019230769231 0.0673076923076923 0.057692307692307696 0.13221153846153846
6 0.5144230769230769 0.43028846153846156 0.0625 0.14182692307692307
4 0.7403846153846154 0.7872596153846154 0.06370192307692307 0.12740384615384615
4 0.6802884615384616 0.33653846153846156 0.054086538461538464 0.11298076923076923
4 0.6021634615384616 0.5384615384615384 0.051682692307692304 0.11899038461538461
4 0.5348557692307693 0.6658653846153846 0.06009615384615385 0.11778846153846154
4 0.5084134615384616 0.25600961538461536 0.055288461538461536 0.10576923076923077
4 0.484375 0.16105769230769232 0.051682692307692304 0.11177884615384616
1 0.5913461538461539 0.14903846153846154 0.052884615384615384 0.15384615384615385
1 0.3425480769230769 0.5372596153846154 0.06971153846153846 0.15264423076923078
11 0.33533653846153844 0.13701923076923078 0.05889423076923077 0.1814903846153846
9 0.22355769230769232 0.7944711538461539 0.07451923076923077 0.1658653846153846
9 0.33774038461538464 0.3173076923076923 0.0625 0.13942307692307693
7 0.3449519230769231 0.4266826923076923 0.057692307692307696 0.14182692307692307
7 0.16826923076923078 0.13942307692307693 0.07091346153846154 0.1466346153846154
12 0.1814903846153846 0.08052884615384616 0.057692307692307696 0.12379807692307693
8 0.14783653846153846 0.4014423076923077 0.08052884615384616 0.20793269230769232
10 0.40024038461538464 0.0733173076923077 0.051682692307692304 0.11177884615384616
10 0.2608173076923077 0.15745192307692307 0.051682692307692304 0.10697115384615384
10 0.24639423076923078 0.3317307692307692 0.05048076923076923 0.1045673076923077
10 0.24519230769230768 0.43149038461538464 0.055288461538461536 0.1141826923076923
10 0.234375 0.6694711538461539 0.06009615384615385 0.11899038461538461