2 0.7836538461538461 0.2932692307692308 0.08052884615384616 0.2091346153846154
3 0.6045673076923077 0.3329326923076923 0.057692307692307696 0.1502403846153846
3 0.44471153846153844 0.7908653846153846 0.06850961538461539 0.1658653846153846
6 0.578125 0.06610576923076923 0.05889423076923077 0.13221153846153846
6 0.5288461538461539 0.43149038461538464 0.06370192307692307 0.14302884615384615
4 0.7572115384615384 0.7920673076923077 0.06490384615384616 0.12860576923076922
4 0.6959134615384616 0.33653846153846156 0.054086538461538464 0.1141826923076923
4 0.6177884615384616 0.5408653846153846 0.051682692307692304 0.1201923076923077
4 0.5492788461538461 0.6694711538461539 0.06009615384615385 0.11899038461538461
4 0.5216346153846154 0.25600961538461536 0.055288461538461536 0.10697115384615384
4 0.49759615384615385 0.15985576923076922 0.051682692307692304 0.11298076923076923
1 0.6069711538461539 0.1466346153846154 0.052884615384615384 0.15504807692307693
1 0.3545673076923077 0.5396634615384616 0.07091346153846154 0.15504807692307693
11 0.3473557692307692 0.1346153846153846 0.06009615384615385 0.18389423076923078
9 0.234375 0.7992788461538461 0.07572115384615384 0.16826923076923078
9 0.34975961538461536 0.3173076923076923 0.0625 0.140625
7 0.3581730769230769 0.42788461538461536 0.057692307692307696 0.14423076923076922
7 0.17908653846153846 0.13822115384615385 0.07091346153846154 0.14783653846153846
12 0.19230769230769232 0.078125 0.05889423076923077 0.125
8 0.15745192307692307 0.4026442307692308 0.08052884615384616 0.21033653846153846
10 0.41346153846153844 0.07091346153846154 0.052884615384615384 0.11298076923076923
10 0.27283653846153844 0.15504807692307693 0.052884615384615384 0.10817307692307693
10 0.25721153846153844 0.3317307692307692 0.051682692307692304 0.1045673076923077
10 0.25600961538461536 0.4326923076923077 0.055288461538461536 0.11538461538461539
10 0.24639423076923078 0.6730769230769231 0.06129807692307692 0.1201923076923077