1 0.7175480769230769 0.6069711538461539 0.07451923076923077 0.140625
2 0.7992788461538461 0.35096153846153844 0.0829326923076923 0.20793269230769232
5 0.6045673076923077 0.2764423076923077 0.0625 0.18389423076923078
6 0.8509615384615384 0.7295673076923077 0.08533653846153846 0.13942307692307693
6 0.59375 0.05048076923076923 0.05048076923076923 0.10096153846153846
4 0.671875 0.1201923076923077 0.04567307692307692 0.109375
4 0.6838942307692307 0.20673076923076922 0.05048076923076923 0.10697115384615384
4 0.7091346153846154 0.38822115384615385 0.056490384615384616 0.11057692307692307
4 0.7163461538461539 0.4951923076923077 0.054086538461538464 0.11177884615384616
4 0.6466346153846154 0.7367788461538461 0.05889423076923077 0.12259615384615384
4 0.5204326923076923 0.04927884615384615 0.046875 0.0985576923076923
4 0.5228365384615384 0.28365384615384615 0.04927884615384615 0.10817307692307693
3 0.5949519230769231 0.11057692307692307 0.054086538461538464 0.13942307692307693
3 0.44350961538461536 0.38100961538461536 0.05889423076923077 0.14903846153846154
11 0.36177884615384615 0.2776442307692308 0.0673076923076923 0.17668269230769232
12 0.24759615384615385 0.7355769230769231 0.06971153846153846 0.13581730769230768
12 0.19951923076923078 0.04326923076923077 0.06129807692307692 0.08653846153846154
8 0.1622596153846154 0.3473557692307692 0.07692307692307693 0.19951923076923078
7 0.14903846153846154 0.47596153846153844 0.06490384615384616 0.140625
9 0.3629807692307692 0.16947115384615385 0.056490384615384616 0.13341346153846154
9 0.15384615384615385 0.5949519230769231 0.07692307692307693 0.14783653846153846
10 0.4375 0.28365384615384615 0.05048076923076923 0.109375
10 0.28125 0.04326923076923077 0.051682692307692304 0.08653846153846154
10 0.28365384615384615 0.1971153846153846 0.05048076923076923 0.10697115384615384
10 0.26802884615384615 0.3942307692307692 0.06129807692307692 0.10817307692307693
10 0.25841346153846156 0.5024038461538461 0.057692307692307696 0.10697115384615384
10 0.25841346153846156 0.6081730769230769 0.06009615384615385 0.11298076923076923
10 0.45072115384615385 0.734375 0.056490384615384616 0.12259615384615384