1 0.7067307692307693 0.6370192307692307 0.07572115384615384 0.14302884615384615
2 0.7908653846153846 0.3762019230769231 0.08533653846153846 0.2127403846153846
5 0.5925480769230769 0.29927884615384615 0.06370192307692307 0.1875
6 0.84375 0.7632211538461539 0.08653846153846154 0.14182692307692307
6 0.5805288461538461 0.06009615384615385 0.051682692307692304 0.1201923076923077
4 0.6598557692307693 0.140625 0.046875 0.11177884615384616
4 0.671875 0.2283653846153846 0.051682692307692304 0.109375
4 0.6983173076923077 0.41466346153846156 0.057692307692307696 0.11298076923076923
4 0.7067307692307693 0.5240384615384616 0.055288461538461536 0.1141826923076923
4 0.6346153846153846 0.7704326923076923 0.06009615384615385 0.125
4 0.5060096153846154 0.06009615384615385 0.04807692307692308 0.1141826923076923
4 0.5084134615384616 0.30649038461538464 0.04927884615384615 0.11057692307692307
3 0.5817307692307693 0.1310096153846154 0.055288461538461536 0.14302884615384615
3 0.4266826923076923 0.40625 0.06009615384615385 0.15264423076923078
11 0.34375 0.3004807692307692 0.06850961538461539 0.18028846153846154
12 0.22716346153846154 0.7692307692307693 0.07091346153846154 0.13822115384615385
12 0.17668269230769232 0.052884615384615384 0.06370192307692307 0.10576923076923077
8 0.140625 0.37259615384615385 0.078125 0.203125
7 0.12620192307692307 0.5036057692307693 0.0673076923076923 0.14423076923076922
9 0.3449519230769231 0.19110576923076922 0.057692307692307696 0.13701923076923078
9 0.1310096153846154 0.6262019230769231 0.078125 0.15144230769230768
10 0.4206730769230769 0.30649038461538464 0.051682692307692304 0.11177884615384616
10 0.2608173076923077 0.052884615384615384 0.052884615384615384 0.10576923076923077
10 0.26322115384615385 0.21875 0.051682692307692304 0.109375
10 0.24759615384615385 0.4206730769230769 0.06370192307692307 0.11057692307692307
10 0.23798076923076922 0.5300480769230769 0.05889423076923077 0.109375
10 0.23677884615384615 0.6394230769230769 0.06129807692307692 0.11538461538461539
10 0.4338942307692308 0.7680288461538461 0.057692307692307696 0.125