9 0.4375 0.15985576923076922 0.06009615384615385 0.14302884615384615
9 0.23798076923076922 0.8052884615384616 0.08052884615384616 0.16346153846153846
8 0.1658653846153846 0.41586538461538464 0.08774038461538461 0.21875
11 0.34975961538461536 0.15264423076923078 0.06850961538461539 0.17908653846153846
12 0.20072115384615385 0.0889423076923077 0.07211538461538461 0.1346153846153846
7 0.18870192307692307 0.15264423076923078 0.0673076923076923 0.1502403846153846
7 0.36177884615384615 0.4326923076923077 0.06610576923076923 0.15144230769230768
10 0.41947115384615385 0.0829326923076923 0.057692307692307696 0.10697115384615384
10 0.2764423076923077 0.1658653846153846 0.054086538461538464 0.1045673076923077
10 0.26322115384615385 0.34134615384615385 0.05889423076923077 0.11658653846153846
10 0.25240384615384615 0.6754807692307693 0.05889423076923077 0.1201923076923077
10 0.2644230769230769 0.44350961538461536 0.057692307692307696 0.12259615384615384
2 0.7836538461538461 0.30288461538461536 0.08533653846153846 0.21153846153846154
3 0.609375 0.34134615384615385 0.06009615384615385 0.15384615384615385
3 0.4483173076923077 0.7956730769230769 0.0733173076923077 0.15745192307692307
6 0.5793269230769231 0.07692307692307693 0.055288461538461536 0.13221153846153846
6 0.53125 0.44350961538461536 0.06370192307692307 0.14182692307692307
1 0.6081730769230769 0.16105769230769232 0.04927884615384615 0.15264423076923078
1 0.36538461538461536 0.5528846153846154 0.06370192307692307 0.15264423076923078
4 0.5240384615384616 0.26802884615384615 0.04927884615384615 0.11057692307692307
4 0.4987980769230769 0.17307692307692307 0.051682692307692304 0.1045673076923077
4 0.6995192307692307 0.35216346153846156 0.054086538461538464 0.11298076923076923
4 0.7584134615384616 0.7992788461538461 0.06129807692307692 0.12379807692307693
4 0.6177884615384616 0.5492788461538461 0.052884615384615384 0.12980769230769232
4 0.5528846153846154 0.6742788461538461 0.05889423076923077 0.12620192307692307