9 0.41586538461538464 0.12980769230769232 0.0625 0.14783653846153846
9 0.21153846153846154 0.7932692307692307 0.0829326923076923 0.16706730769230768
8 0.13822115384615385 0.3918269230769231 0.09014423076923077 0.2247596153846154
11 0.3269230769230769 0.12259615384615384 0.06971153846153846 0.18389423076923078
12 0.17307692307692307 0.0625 0.07451923076923077 0.125
7 0.16105769230769232 0.12139423076923077 0.06850961538461539 0.15384615384615385
7 0.3389423076923077 0.4098557692307692 0.0673076923076923 0.15625
10 0.39783653846153844 0.052884615384615384 0.06009615384615385 0.10576923076923077
10 0.2512019230769231 0.1346153846153846 0.056490384615384616 0.10697115384615384
10 0.23677884615384615 0.31490384615384615 0.06009615384615385 0.1201923076923077
10 0.22596153846153846 0.6586538461538461 0.06009615384615385 0.12379807692307693
10 0.23798076923076922 0.4206730769230769 0.06009615384615385 0.125
2 0.7704326923076923 0.2764423076923077 0.08774038461538461 0.21634615384615385
3 0.5925480769230769 0.3161057692307692 0.0625 0.15865384615384615
3 0.4266826923076923 0.7824519230769231 0.07451923076923077 0.16105769230769232
6 0.5625 0.056490384615384616 0.056490384615384616 0.11298076923076923
6 0.5120192307692307 0.4206730769230769 0.06490384615384616 0.1466346153846154
1 0.5913461538461539 0.12980769230769232 0.05048076923076923 0.15745192307692307
1 0.3425480769230769 0.5324519230769231 0.06610576923076923 0.15745192307692307
4 0.5048076923076923 0.2403846153846154 0.05048076923076923 0.1141826923076923
4 0.47836538461538464 0.14302884615384615 0.052884615384615384 0.10817307692307693
4 0.6850961538461539 0.3269230769230769 0.055288461538461536 0.11658653846153846
4 0.7463942307692307 0.7860576923076923 0.0625 0.12740384615384615
4 0.6009615384615384 0.5300480769230769 0.054086538461538464 0.13341346153846154
4 0.5348557692307693 0.6586538461538461 0.06009615384615385 0.12980769230769232