9 0.43990384615384615 0.14783653846153846 0.06129807692307692 0.14543269230769232
9 0.23798076923076922 0.8040865384615384 0.08173076923076923 0.1658653846153846
8 0.16466346153846154 0.40865384615384615 0.0889423076923077 0.22235576923076922
11 0.35096153846153844 0.140625 0.06850961538461539 0.1814903846153846
12 0.19951923076923078 0.07572115384615384 0.07211538461538461 0.13581730769230768
7 0.1875 0.140625 0.06850961538461539 0.15264423076923078
7 0.3629807692307692 0.4254807692307692 0.0673076923076923 0.15384615384615385
10 0.421875 0.06971153846153846 0.05889423076923077 0.109375
10 0.2764423076923077 0.15384615384615385 0.055288461538461536 0.10576923076923077
10 0.26322115384615385 0.3317307692307692 0.05889423076923077 0.11899038461538461
10 0.25240384615384615 0.671875 0.06009615384615385 0.12259615384615384
10 0.2644230769230769 0.4362980769230769 0.05889423076923077 0.12379807692307693
2 0.7908653846153846 0.2932692307692308 0.08774038461538461 0.21394230769230768
3 0.6141826923076923 0.3329326923076923 0.06129807692307692 0.15625
3 0.45072115384615385 0.7944711538461539 0.07451923076923077 0.15985576923076922
6 0.5841346153846154 0.06610576923076923 0.056490384615384616 0.13221153846153846
6 0.5348557692307693 0.4362980769230769 0.06490384615384616 0.14423076923076922
1 0.6129807692307693 0.14903846153846154 0.05048076923076923 0.15504807692307693
1 0.36658653846153844 0.546875 0.06490384615384616 0.15504807692307693
4 0.5276442307692307 0.25841346153846156 0.05048076923076923 0.11298076923076923
4 0.5024038461538461 0.1622596153846154 0.052884615384615384 0.10697115384615384
4 0.7067307692307693 0.34375 0.054086538461538464 0.11538461538461539
4 0.7668269230769231 0.7980769230769231 0.06129807692307692 0.125
4 0.6237980769230769 0.5444711538461539 0.054086538461538464 0.13221153846153846
4 0.5576923076923077 0.671875 0.06009615384615385 0.12860576923076922