1 0.5973557692307693 0.15745192307692307 0.052884615384615384 0.14543269230769232
2 0.7692307692307693 0.29927884615384615 0.08173076923076923 0.19591346153846154
3 0.2439903846153846 0.640625 0.07091346153846154 0.15745192307692307
3 0.35096153846153844 0.4338942307692308 0.0673076923076923 0.14903846153846154
4 0.7415865384615384 0.7884615384615384 0.06129807692307692 0.11778846153846154
4 0.6862980769230769 0.3449519230769231 0.054086538461538464 0.11298076923076923
4 0.6081730769230769 0.5384615384615384 0.051682692307692304 0.11538461538461539
4 0.5408653846153846 0.6670673076923077 0.05889423076923077 0.12259615384615384
6 0.5709134615384616 0.07932692307692307 0.051682692307692304 0.12860576923076922
6 0.5108173076923077 0.34375 0.056490384615384616 0.12740384615384615
12 0.1971153846153846 0.08774038461538461 0.056490384615384616 0.12379807692307693
4 0.4182692307692308 0.18269230769230768 0.04807692307692308 0.11177884615384616
8 0.16826923076923078 0.30649038461538464 0.0829326923076923 0.20192307692307693
9 0.23677884615384615 0.7896634615384616 0.0829326923076923 0.15504807692307693
7 0.18629807692307693 0.14543269230769232 0.06490384615384616 0.15865384615384615
11 0.3485576923076923 0.14783653846153846 0.06370192307692307 0.18509615384615385
10 0.27283653846153844 0.16706730769230768 0.051682692307692304 0.10817307692307693
10 0.25961538461538464 0.3401442307692308 0.054086538461538464 0.1141826923076923
10 0.2608173076923077 0.4362980769230769 0.057692307692307696 0.11298076923076923
10 0.3557692307692308 0.5625 0.057692307692307696 0.11658653846153846