1 0.609375 0.140625 0.054086538461538464 0.15144230769230768
2 0.7896634615384616 0.28846153846153844 0.08533653846153846 0.203125
3 0.2439903846153846 0.640625 0.0733173076923077 0.1622596153846154
3 0.3545673076923077 0.4266826923076923 0.06971153846153846 0.15504807692307693
4 0.7608173076923077 0.7944711538461539 0.06370192307692307 0.12259615384615384
4 0.703125 0.33413461538461536 0.055288461538461536 0.11658653846153846
4 0.6213942307692307 0.5348557692307693 0.052884615384615384 0.11899038461538461
4 0.5528846153846154 0.6694711538461539 0.06129807692307692 0.12740384615384615
6 0.5841346153846154 0.06370192307692307 0.054086538461538464 0.12740384615384615
6 0.5204326923076923 0.33413461538461536 0.05889423076923077 0.13221153846153846
12 0.19471153846153846 0.06850961538461539 0.057692307692307696 0.12860576923076922
4 0.4254807692307692 0.1658653846153846 0.05048076923076923 0.11538461538461539
8 0.1658653846153846 0.2956730769230769 0.08533653846153846 0.2091346153846154
9 0.23677884615384615 0.7956730769230769 0.08653846153846154 0.16105769230769232
7 0.18389423076923078 0.12740384615384615 0.0673076923076923 0.16466346153846154
11 0.35216346153846156 0.1310096153846154 0.06610576923076923 0.19230769230769232
10 0.27403846153846156 0.1502403846153846 0.052884615384615384 0.11298076923076923
10 0.25961538461538464 0.3293269230769231 0.055288461538461536 0.11899038461538461
10 0.2608173076923077 0.43028846153846156 0.06009615384615385 0.11658653846153846
10 0.3605769230769231 0.5600961538461539 0.06009615384615385 0.1201923076923077