1 0.6009615384615384 0.15625 0.054086538461538464 0.14903846153846154
2 0.7776442307692307 0.3016826923076923 0.08413461538461539 0.19951923076923078
3 0.2403846153846154 0.6490384615384616 0.07211538461538461 0.15985576923076922
3 0.34975961538461536 0.4375 0.06850961538461539 0.15264423076923078
4 0.75 0.7992788461538461 0.0625 0.1201923076923077
4 0.6935096153846154 0.3473557692307692 0.055288461538461536 0.11538461538461539
4 0.6129807692307693 0.5444711538461539 0.052884615384615384 0.11778846153846154
4 0.5444711538461539 0.6766826923076923 0.06009615384615385 0.125
6 0.5757211538461539 0.07692307692307693 0.052884615384615384 0.1310096153846154
6 0.5132211538461539 0.34615384615384615 0.057692307692307696 0.12980769230769232
12 0.19230769230769232 0.08533653846153846 0.057692307692307696 0.12620192307692307
4 0.41947115384615385 0.1814903846153846 0.04927884615384615 0.11298076923076923
8 0.16466346153846154 0.3088942307692308 0.08413461538461539 0.20552884615384615
9 0.234375 0.8004807692307693 0.08533653846153846 0.15865384615384615
7 0.18269230769230768 0.14302884615384615 0.06610576923076923 0.16105769230769232
11 0.3473557692307692 0.1466346153846154 0.06490384615384616 0.18870192307692307
10 0.27163461538461536 0.1658653846153846 0.052884615384615384 0.11057692307692307
10 0.25721153846153844 0.3425480769230769 0.055288461538461536 0.11658653846153846
10 0.25841346153846156 0.4411057692307692 0.05889423076923077 0.11538461538461539
10 0.3557692307692308 0.5697115384615384 0.05889423076923077 0.11899038461538461