5 0.5168269230769231 0.4266826923076923 0.0673076923076923 0.1935096153846154
3 0.59375 0.33653846153846156 0.056490384615384616 0.15264423076923078
3 0.640625 0.671875 0.07211538461538461 0.1622596153846154
2 0.7740384615384616 0.3016826923076923 0.0829326923076923 0.20432692307692307
6 0.7391826923076923 0.07692307692307693 0.05889423076923077 0.13221153846153846
6 0.8569711538461539 0.8052884615384616 0.0829326923076923 0.14543269230769232
4 0.75 0.8040865384615384 0.06610576923076923 0.12740384615384615
4 0.6850961538461539 0.34615384615384615 0.055288461538461536 0.1201923076923077
4 0.5733173076923077 0.17067307692307693 0.046875 0.109375
4 0.6081730769230769 0.5516826923076923 0.056490384615384616 0.11177884615384616
4 0.5396634615384616 0.6790865384615384 0.05889423076923077 0.11899038461538461
4 0.5084134615384616 0.2644230769230769 0.05048076923076923 0.12139423076923077
1 0.6550480769230769 0.0733173076923077 0.056490384615384616 0.1466346153846154
1 0.34615384615384615 0.5492788461538461 0.0625 0.15384615384615385
12 0.17908653846153846 0.07692307692307693 0.05889423076923077 0.13341346153846154
8 0.14423076923076922 0.40625 0.07572115384615384 0.20552884615384615
9 0.33774038461538464 0.3317307692307692 0.0625 0.14423076923076922
9 0.14302884615384615 0.5576923076923077 0.07572115384615384 0.14783653846153846
7 0.16826923076923078 0.14543269230769232 0.06129807692307692 0.1466346153846154
7 0.12379807692307693 0.6754807692307693 0.07091346153846154 0.1466346153846154
11 0.25841346153846156 0.21754807692307693 0.07572115384615384 0.16826923076923078
10 0.25841346153846156 0.16105769230769232 0.051682692307692304 0.1045673076923077
10 0.40384615384615385 0.078125 0.051682692307692304 0.10697115384615384
10 0.40865384615384615 0.24759615384615385 0.04807692307692308 0.11177884615384616
10 0.2439903846153846 0.34134615384615385 0.04927884615384615 0.11057692307692307
10 0.24278846153846154 0.44591346153846156 0.056490384615384616 0.11538461538461539
10 0.23557692307692307 0.6838942307692307 0.05889423076923077 0.12139423076923077