5 0.5240384615384616 0.41466346153846156 0.06610576923076923 0.18990384615384615
3 0.5997596153846154 0.32572115384615385 0.055288461538461536 0.1502403846153846
3 0.6454326923076923 0.65625 0.07091346153846154 0.15865384615384615
2 0.7764423076923077 0.29086538461538464 0.08173076923076923 0.20192307692307693
6 0.7415865384615384 0.07091346153846154 0.057692307692307696 0.12980769230769232
6 0.8581730769230769 0.7860576923076923 0.08173076923076923 0.14302884615384615
4 0.7524038461538461 0.7860576923076923 0.06490384615384616 0.125
4 0.6899038461538461 0.33533653846153844 0.054086538461538464 0.11778846153846154
4 0.5793269230769231 0.1622596153846154 0.04567307692307692 0.10817307692307693
4 0.6129807692307693 0.5372596153846154 0.055288461538461536 0.11057692307692307
4 0.5456730769230769 0.6634615384615384 0.05889423076923077 0.11658653846153846
4 0.515625 0.2548076923076923 0.04927884615384615 0.11899038461538461
1 0.6598557692307693 0.06971153846153846 0.055288461538461536 0.13942307692307693
1 0.3557692307692308 0.5348557692307693 0.06129807692307692 0.15144230769230768
12 0.19230769230769232 0.07091346153846154 0.057692307692307696 0.1310096153846154
8 0.15745192307692307 0.3942307692307692 0.07451923076923077 0.203125
9 0.3473557692307692 0.32091346153846156 0.06129807692307692 0.14182692307692307
9 0.15625 0.5432692307692307 0.07451923076923077 0.14543269230769232
7 0.1814903846153846 0.13701923076923078 0.06009615384615385 0.14423076923076922
7 0.13701923076923078 0.6598557692307693 0.06971153846153846 0.14423076923076922
11 0.2692307692307692 0.2091346153846154 0.07451923076923077 0.1658653846153846
10 0.2692307692307692 0.15264423076923078 0.05048076923076923 0.10216346153846154
10 0.41225961538461536 0.07091346153846154 0.05048076923076923 0.1045673076923077
10 0.4182692307692308 0.23918269230769232 0.046875 0.109375
10 0.2548076923076923 0.33052884615384615 0.04807692307692308 0.10817307692307693
10 0.2548076923076923 0.4338942307692308 0.055288461538461536 0.11298076923076923
10 0.24759615384615385 0.6682692307692307 0.05889423076923077 0.11899038461538461