5 0.5192307692307693 0.4254807692307692 0.06610576923076923 0.18870192307692307
3 0.59375 0.33774038461538464 0.055288461538461536 0.14783653846153846
3 0.6394230769230769 0.6646634615384616 0.06971153846153846 0.15745192307692307
2 0.7704326923076923 0.30408653846153844 0.08052884615384616 0.19951923076923078
6 0.7355769230769231 0.08533653846153846 0.057692307692307696 0.12860576923076922
6 0.8509615384615384 0.7944711538461539 0.08052884615384616 0.14182692307692307
4 0.7463942307692307 0.7944711538461539 0.06490384615384616 0.12379807692307693
4 0.6838942307692307 0.3473557692307692 0.054086538461538464 0.11658653846153846
4 0.5745192307692307 0.17668269230769232 0.04567307692307692 0.10697115384615384
4 0.6081730769230769 0.546875 0.055288461538461536 0.109375
4 0.5408653846153846 0.671875 0.057692307692307696 0.11538461538461539
4 0.5120192307692307 0.26802884615384615 0.04927884615384615 0.11778846153846154
1 0.6538461538461539 0.08052884615384616 0.054086538461538464 0.14302884615384615
1 0.35336538461538464 0.5456730769230769 0.06129807692307692 0.1502403846153846
12 0.19110576923076922 0.08533653846153846 0.057692307692307696 0.12980769230769232
8 0.15625 0.40625 0.0733173076923077 0.20072115384615385
9 0.3449519230769231 0.33413461538461536 0.06129807692307692 0.140625
9 0.15504807692307693 0.5528846153846154 0.0733173076923077 0.14302884615384615
7 0.18028846153846154 0.15144230769230768 0.05889423076923077 0.14302884615384615
7 0.13701923076923078 0.6682692307692307 0.06850961538461539 0.14302884615384615
11 0.26802884615384615 0.22235576923076922 0.07451923076923077 0.16466346153846154
10 0.26802884615384615 0.16706730769230768 0.05048076923076923 0.10216346153846154
10 0.4098557692307692 0.08533653846153846 0.05048076923076923 0.10336538461538461
10 0.41466346153846156 0.2512019230769231 0.04567307692307692 0.10817307692307693
10 0.2536057692307692 0.3425480769230769 0.04807692307692308 0.10817307692307693
10 0.2536057692307692 0.44471153846153844 0.055288461538461536 0.11177884615384616
10 0.24639423076923078 0.6766826923076923 0.057692307692307696 0.11778846153846154