2 0.7668269230769231 0.2920673076923077 0.0829326923076923 0.21033653846153846
6 0.7307692307692307 0.07572115384615384 0.05889423076923077 0.12740384615384615
6 0.8052884615384616 0.5300480769230769 0.0733173076923077 0.1346153846153846
1 0.6346153846153846 0.6586538461538461 0.0673076923076923 0.15865384615384615
1 0.5925480769230769 0.33052884615384615 0.05889423076923077 0.14302884615384615
5 0.5168269230769231 0.4206730769230769 0.06610576923076923 0.18389423076923078
4 0.5084134615384616 0.25841346153846156 0.04567307692307692 0.11057692307692307
4 0.7415865384615384 0.7860576923076923 0.06009615384615385 0.12139423076923077
4 0.6814903846153846 0.33774038461538464 0.051682692307692304 0.1141826923076923
4 0.6033653846153846 0.5408653846153846 0.05889423076923077 0.11658653846153846
4 0.5372596153846154 0.6682692307692307 0.06009615384615385 0.11778846153846154
4 0.484375 0.16706730769230768 0.054086538461538464 0.1045673076923077
1 0.5949519230769231 0.1502403846153846 0.06490384615384616 0.15144230769230768
1 0.35216346153846156 0.5360576923076923 0.06971153846153846 0.14302884615384615
11 0.3389423076923077 0.13942307692307693 0.0673076923076923 0.18269230769230768
12 0.18870192307692307 0.078125 0.06009615384615385 0.12259615384615384
9 0.22956730769230768 0.7944711538461539 0.08052884615384616 0.15144230769230768
9 0.34375 0.32091346153846156 0.06009615384615385 0.13581730769230768
7 0.34975961538461536 0.42427884615384615 0.055288461538461536 0.1346153846153846
7 0.1778846153846154 0.14302884615384615 0.05889423076923077 0.14182692307692307
8 0.15625 0.4050480769230769 0.08533653846153846 0.21033653846153846
10 0.40865384615384615 0.07932692307692307 0.04447115384615385 0.11298076923076923
10 0.4110576923076923 0.24158653846153846 0.04927884615384615 0.1141826923076923
10 0.265625 0.16105769230769232 0.05048076923076923 0.109375
10 0.25240384615384615 0.33413461538461536 0.052884615384615384 0.1141826923076923
10 0.2512019230769231 0.43509615384615385 0.054086538461538464 0.11658653846153846
10 0.24158653846153846 0.6682692307692307 0.05889423076923077 0.1201923076923077