2 0.7992788461538461 0.2608173076923077 0.08653846153846154 0.21754807692307693
6 0.7620192307692307 0.051682692307692304 0.06129807692307692 0.10216346153846154
6 0.8389423076923077 0.5072115384615384 0.07572115384615384 0.13942307692307693
1 0.6622596153846154 0.640625 0.06971153846153846 0.16466346153846154
1 0.6189903846153846 0.29927884615384615 0.06129807692307692 0.14783653846153846
5 0.5408653846153846 0.3942307692307692 0.06850961538461539 0.18990384615384615
4 0.5324519230769231 0.2247596153846154 0.04807692307692308 0.11538461538461539
4 0.7740384615384616 0.7716346153846154 0.06129807692307692 0.12620192307692307
4 0.7115384615384616 0.3076923076923077 0.054086538461538464 0.11778846153846154
4 0.6310096153846154 0.5180288461538461 0.06129807692307692 0.1201923076923077
4 0.5612980769230769 0.6502403846153846 0.0625 0.12259615384615384
4 0.5072115384615384 0.1310096153846154 0.056490384615384616 0.10817307692307693
1 0.6213942307692307 0.11298076923076923 0.0673076923076923 0.15625
1 0.36899038461538464 0.5132211538461539 0.0733173076923077 0.14903846153846154
11 0.3557692307692308 0.10216346153846154 0.06971153846153846 0.18990384615384615
12 0.20072115384615385 0.051682692307692304 0.06490384615384616 0.10336538461538461
9 0.24278846153846154 0.78125 0.0829326923076923 0.15745192307692307
9 0.3605769230769231 0.28966346153846156 0.0625 0.140625
7 0.36658653846153844 0.39663461538461536 0.057692307692307696 0.13942307692307693
7 0.18870192307692307 0.10576923076923077 0.06129807692307692 0.1466346153846154
8 0.1658653846153846 0.37740384615384615 0.0889423076923077 0.21754807692307693
10 0.42788461538461536 0.05048076923076923 0.04807692307692308 0.10096153846153846
10 0.43149038461538464 0.20673076923076922 0.051682692307692304 0.11778846153846154
10 0.2800480769230769 0.125 0.052884615384615384 0.1141826923076923
10 0.2668269230769231 0.30288461538461536 0.054086538461538464 0.11899038461538461
10 0.2644230769230769 0.40865384615384615 0.056490384615384616 0.1201923076923077
10 0.2548076923076923 0.6502403846153846 0.06129807692307692 0.125