2 0.7740384615384616 0.2860576923076923 0.08413461538461539 0.21153846153846154
6 0.7367788461538461 0.0673076923076923 0.05889423076923077 0.12860576923076922
6 0.8125 0.5252403846153846 0.0733173076923077 0.13581730769230768
1 0.640625 0.6550480769230769 0.0673076923076923 0.15985576923076922
1 0.5985576923076923 0.3233173076923077 0.06009615384615385 0.14423076923076922
5 0.5216346153846154 0.41586538461538464 0.0673076923076923 0.18509615384615385
4 0.5132211538461539 0.2512019230769231 0.046875 0.11177884615384616
4 0.7487980769230769 0.7836538461538461 0.06009615384615385 0.12259615384615384
4 0.6875 0.3317307692307692 0.052884615384615384 0.1141826923076923
4 0.609375 0.5360576923076923 0.06009615384615385 0.11778846153846154
4 0.5420673076923077 0.6646634615384616 0.06009615384615385 0.11899038461538461
4 0.4891826923076923 0.15985576923076922 0.055288461538461536 0.10576923076923077
1 0.6009615384615384 0.14182692307692307 0.06490384615384616 0.15264423076923078
1 0.3545673076923077 0.5324519230769231 0.07091346153846154 0.14543269230769232
11 0.34134615384615385 0.13221153846153846 0.0673076923076923 0.18509615384615385
12 0.18990384615384615 0.06971153846153846 0.06009615384615385 0.12379807692307693
9 0.23076923076923078 0.7920673076923077 0.08052884615384616 0.15264423076923078
9 0.34615384615384615 0.3137019230769231 0.06129807692307692 0.13701923076923078
7 0.35216346153846156 0.4182692307692308 0.055288461538461536 0.13581730769230768
7 0.17908653846153846 0.13581730769230768 0.06009615384615385 0.14302884615384615
8 0.15745192307692307 0.40024038461538464 0.08653846153846154 0.21153846153846154
10 0.41225961538461536 0.07091346153846154 0.04447115384615385 0.1141826923076923
10 0.41466346153846156 0.234375 0.04927884615384615 0.1141826923076923
10 0.26802884615384615 0.15384615384615385 0.051682692307692304 0.11057692307692307
10 0.2548076923076923 0.3269230769230769 0.052884615384615384 0.11538461538461539
10 0.2536057692307692 0.43028846153846156 0.055288461538461536 0.11778846153846154
10 0.2439903846153846 0.6646634615384616 0.05889423076923077 0.12139423076923077