10 0.25 0.6658653846153846 0.055288461538461536 0.11298076923076923
4 0.5432692307692307 0.6670673076923077 0.05048076923076923 0.11298076923076923
3 0.4411057692307692 0.7788461538461539 0.0673076923076923 0.15384615384615385
4 0.7415865384615384 0.7836538461538461 0.06129807692307692 0.11538461538461539
9 0.234375 0.7860576923076923 0.07211538461538461 0.15625
6 0.5709134615384616 0.08052884615384616 0.051682692307692304 0.12259615384615384
10 0.41346153846153844 0.08413461538461539 0.046875 0.10817307692307693
12 0.1971153846153846 0.09134615384615384 0.06009615384615385 0.12740384615384615
11 0.34615384615384615 0.14543269230769232 0.06370192307692307 0.17427884615384615
7 0.18629807692307693 0.15144230769230768 0.06490384615384616 0.13822115384615385
1 0.5985576923076923 0.16105769230769232 0.05048076923076923 0.1466346153846154
10 0.27403846153846156 0.16466346153846154 0.046875 0.1141826923076923
4 0.4891826923076923 0.171875 0.04326923076923077 0.10096153846153846
4 0.5144230769230769 0.2644230769230769 0.042067307692307696 0.10576923076923077
2 0.7692307692307693 0.2932692307692308 0.08052884615384616 0.19831730769230768
9 0.35216346153846156 0.32572115384615385 0.06009615384615385 0.1346153846153846
3 0.5949519230769231 0.33533653846153844 0.057692307692307696 0.14182692307692307
10 0.2608173076923077 0.3389423076923077 0.052884615384615384 0.109375
4 0.6850961538461539 0.34134615384615385 0.046875 0.109375
8 0.1622596153846154 0.40865384615384615 0.078125 0.19831730769230768
7 0.35697115384615385 0.42427884615384615 0.051682692307692304 0.13221153846153846
6 0.7896634615384616 0.4362980769230769 0.07091346153846154 0.12980769230769232
10 0.2608173076923077 0.4375 0.06009615384615385 0.10697115384615384
4 0.6081730769230769 0.5384615384615384 0.052884615384615384 0.11538461538461539
1 0.3581730769230769 0.5396634615384616 0.055288461538461536 0.14302884615384615