10 0.24879807692307693 0.6646634615384616 0.056490384615384616 0.11538461538461539
4 0.5456730769230769 0.6658653846153846 0.051682692307692304 0.1141826923076923
3 0.4423076923076923 0.7800480769230769 0.06850961538461539 0.15625
4 0.7487980769230769 0.7848557692307693 0.0625 0.11658653846153846
9 0.23317307692307693 0.7872596153846154 0.0733173076923077 0.15865384615384615
6 0.5745192307692307 0.06971153846153846 0.051682692307692304 0.125
10 0.41466346153846156 0.0733173076923077 0.046875 0.11057692307692307
12 0.19471153846153846 0.08052884615384616 0.06129807692307692 0.12860576923076922
11 0.34615384615384615 0.13581730769230768 0.06490384615384616 0.17668269230769232
7 0.18389423076923078 0.14182692307692307 0.06610576923076923 0.140625
1 0.6021634615384616 0.15144230769230768 0.051682692307692304 0.14903846153846154
10 0.27283653846153844 0.15504807692307693 0.04807692307692308 0.11658653846153846
4 0.49158653846153844 0.16346153846153846 0.04326923076923077 0.10336538461538461
4 0.5180288461538461 0.25721153846153844 0.04326923076923077 0.10817307692307693
2 0.7764423076923077 0.2860576923076923 0.08173076923076923 0.20192307692307693
9 0.35216346153846156 0.31850961538461536 0.06129807692307692 0.13581730769230768
3 0.5997596153846154 0.3293269230769231 0.05889423076923077 0.14423076923076922
10 0.25961538461538464 0.3317307692307692 0.052884615384615384 0.11057692307692307
4 0.6911057692307693 0.33413461538461536 0.04807692307692308 0.11177884615384616
8 0.15865384615384615 0.4026442307692308 0.07932692307692307 0.20192307692307693
7 0.35697115384615385 0.41947115384615385 0.051682692307692304 0.1346153846153846
6 0.796875 0.43149038461538464 0.07211538461538461 0.13221153846153846
10 0.25961538461538464 0.4326923076923077 0.06129807692307692 0.109375
4 0.6117788461538461 0.5348557692307693 0.054086538461538464 0.11658653846153846
1 0.3581730769230769 0.5360576923076923 0.056490384615384616 0.14543269230769232