10 0.24759615384615385 0.6923076923076923 0.057692307692307696 0.11778846153846154
4 0.5540865384615384 0.6935096153846154 0.052884615384615384 0.11778846153846154
3 0.4483173076923077 0.8100961538461539 0.06971153846153846 0.15985576923076922
4 0.7620192307692307 0.8161057692307693 0.06370192307692307 0.1201923076923077
9 0.23317307692307693 0.8173076923076923 0.07572115384615384 0.16346153846153846
6 0.5829326923076923 0.08173076923076923 0.052884615384615384 0.12860576923076922
10 0.41947115384615385 0.08533653846153846 0.04807692307692308 0.11298076923076923
12 0.1935096153846154 0.09254807692307693 0.0625 0.13221153846153846
11 0.3485576923076923 0.1502403846153846 0.06610576923076923 0.1814903846153846
7 0.1814903846153846 0.15504807692307693 0.06850961538461539 0.14423076923076922
1 0.6117788461538461 0.1658653846153846 0.052884615384615384 0.15384615384615385
10 0.27283653846153844 0.16947115384615385 0.04927884615384615 0.11899038461538461
4 0.49759615384615385 0.1778846153846154 0.04447115384615385 0.10576923076923077
4 0.5252403846153846 0.27403846153846156 0.04326923076923077 0.11057692307692307
2 0.7896634615384616 0.30408653846153844 0.08413461538461539 0.20673076923076922
9 0.3545673076923077 0.33774038461538464 0.0625 0.13942307692307693
3 0.6081730769230769 0.3485576923076923 0.06009615384615385 0.14783653846153846
10 0.25961538461538464 0.35096153846153844 0.055288461538461536 0.1141826923076923
4 0.703125 0.35336538461538464 0.04927884615384615 0.1141826923076923
8 0.15625 0.4230769230769231 0.08173076923076923 0.20793269230769232
7 0.359375 0.43990384615384615 0.052884615384615384 0.13822115384615385
6 0.8112980769230769 0.453125 0.0733173076923077 0.1346153846153846
10 0.25961538461538464 0.4543269230769231 0.0625 0.11177884615384616
4 0.6213942307692307 0.5588942307692307 0.055288461538461536 0.1201923076923077
1 0.3605769230769231 0.5600961538461539 0.057692307692307696 0.14903846153846154