11 0.2608173076923077 0.22115384615384615 0.07451923076923077 0.16826923076923078
2 0.7680288461538461 0.3004807692307692 0.078125 0.19471153846153846
1 0.6466346153846154 0.07451923076923077 0.054086538461538464 0.140625
6 0.7283653846153846 0.08173076923076923 0.055288461538461536 0.11899038461538461
4 0.6802884615384616 0.34615384615384615 0.05048076923076923 0.10336538461538461
6 0.8473557692307693 0.7956730769230769 0.08052884615384616 0.13822115384615385
4 0.7391826923076923 0.7980769230769231 0.0625 0.11177884615384616
3 0.6430288461538461 0.671875 0.06850961538461539 0.1346153846153846
3 0.6021634615384616 0.3449519230769231 0.054086538461538464 0.13581730769230768
5 0.5120192307692307 0.4230769230769231 0.06490384615384616 0.1778846153846154
4 0.5336538461538461 0.6778846153846154 0.056490384615384616 0.11298076923076923
4 0.5925480769230769 0.5528846153846154 0.05048076923076923 0.11298076923076923
4 0.5697115384615384 0.17307692307692307 0.04447115384615385 0.10096153846153846
4 0.5 0.08774038461538461 0.037259615384615384 0.1045673076923077
4 0.5060096153846154 0.26322115384615385 0.046875 0.1045673076923077
4 0.3473557692307692 0.45552884615384615 0.046875 0.109375
1 0.3485576923076923 0.5444711538461539 0.057692307692307696 0.14182692307692307
8 0.1466346153846154 0.4098557692307692 0.07211538461538461 0.19831730769230768
12 0.1814903846153846 0.08413461538461539 0.052884615384615384 0.12259615384615384
9 0.3401442307692308 0.3317307692307692 0.06009615384615385 0.1310096153846154
9 0.14543269230769232 0.5528846153846154 0.07091346153846154 0.13581730769230768
7 0.17067307692307693 0.14903846153846154 0.054086538461538464 0.14302884615384615
7 0.12620192307692307 0.671875 0.06850961538461539 0.140625
10 0.25961538461538464 0.16346153846153846 0.04447115384615385 0.09375
10 0.24639423076923078 0.33774038461538464 0.051682692307692304 0.10336538461538461
10 0.23197115384615385 0.6766826923076923 0.05889423076923077 0.11778846153846154
10 0.24639423076923078 0.4423076923076923 0.051682692307692304 0.10697115384615384
10 0.40384615384615385 0.08413461538461539 0.04447115384615385 0.10336538461538461
10 0.4074519230769231 0.24519230769230768 0.04567307692307692 0.10697115384615384
10 0.421875 0.5649038461538461 0.04807692307692308 0.109375