11 0.27283653846153844 0.21875 0.0733173076923077 0.1658653846153846
2 0.7716346153846154 0.296875 0.07692307692307693 0.19110576923076922
1 0.6526442307692307 0.07451923076923077 0.052884615384615384 0.13822115384615385
6 0.7331730769230769 0.08173076923076923 0.054086538461538464 0.11658653846153846
4 0.6850961538461539 0.3425480769230769 0.04927884615384615 0.10096153846153846
6 0.8497596153846154 0.7848557692307693 0.07932692307692307 0.13581730769230768
4 0.7439903846153846 0.7872596153846154 0.06129807692307692 0.109375
3 0.6490384615384616 0.6622596153846154 0.0673076923076923 0.13341346153846154
3 0.6081730769230769 0.34134615384615385 0.054086538461538464 0.1346153846153846
5 0.5192307692307693 0.4182692307692308 0.06370192307692307 0.17548076923076922
4 0.5420673076923077 0.6682692307692307 0.056490384615384616 0.11177884615384616
4 0.5997596153846154 0.5444711538461539 0.04927884615384615 0.11177884615384616
4 0.5769230769230769 0.171875 0.04326923076923077 0.09975961538461539
4 0.5084134615384616 0.08653846153846154 0.037259615384615384 0.10216346153846154
4 0.5144230769230769 0.25961538461538464 0.04567307692307692 0.10216346153846154
4 0.3581730769230769 0.4495192307692308 0.046875 0.10817307692307693
1 0.359375 0.5372596153846154 0.056490384615384616 0.13942307692307693
8 0.15985576923076922 0.4050480769230769 0.07091346153846154 0.19591346153846154
12 0.19591346153846154 0.08413461538461539 0.051682692307692304 0.1201923076923077
9 0.35096153846153844 0.3269230769230769 0.05889423076923077 0.12980769230769232
9 0.15865384615384615 0.5444711538461539 0.06971153846153846 0.13341346153846154
7 0.18389423076923078 0.14783653846153846 0.054086538461538464 0.140625
7 0.140625 0.6622596153846154 0.0673076923076923 0.13822115384615385
10 0.27163461538461536 0.16105769230769232 0.04326923076923077 0.09254807692307693
10 0.25841346153846156 0.33413461538461536 0.05048076923076923 0.10096153846153846
10 0.2439903846153846 0.6682692307692307 0.057692307692307696 0.11538461538461539
10 0.25841346153846156 0.4362980769230769 0.05048076923076923 0.10576923076923077
10 0.41346153846153844 0.08413461538461539 0.04447115384615385 0.10096153846153846
10 0.4170673076923077 0.24278846153846154 0.04447115384615385 0.10576923076923077
10 0.43149038461538464 0.5576923076923077 0.04807692307692308 0.10817307692307693