11 0.26802884615384615 0.19471153846153846 0.07572115384615384 0.17067307692307693
2 0.7824519230769231 0.27524038461538464 0.07932692307692307 0.1971153846153846
1 0.6610576923076923 0.06009615384615385 0.057692307692307696 0.1201923076923077
6 0.7427884615384616 0.057692307692307696 0.056490384615384616 0.1141826923076923
4 0.6935096153846154 0.32211538461538464 0.051682692307692304 0.1045673076923077
6 0.8629807692307693 0.7788461538461539 0.08173076923076923 0.140625
4 0.7536057692307693 0.78125 0.06370192307692307 0.11298076923076923
3 0.65625 0.6526442307692307 0.06971153846153846 0.13701923076923078
3 0.6141826923076923 0.32091346153846156 0.055288461538461536 0.13822115384615385
5 0.5228365384615384 0.40024038461538464 0.06490384615384616 0.1814903846153846
4 0.5456730769230769 0.6586538461538461 0.057692307692307696 0.11538461538461539
4 0.6045673076923077 0.53125 0.05048076923076923 0.1141826923076923
4 0.5817307692307693 0.1466346153846154 0.04447115384615385 0.10336538461538461
4 0.5108173076923077 0.05889423076923077 0.038461538461538464 0.10576923076923077
4 0.5168269230769231 0.23798076923076922 0.04807692307692308 0.10576923076923077
4 0.3557692307692308 0.4338942307692308 0.04807692307692308 0.11177884615384616
1 0.35697115384615385 0.5240384615384616 0.057692307692307696 0.14423076923076922
8 0.15144230769230768 0.3870192307692308 0.0733173076923077 0.20192307692307693
12 0.18870192307692307 0.06009615384615385 0.055288461538461536 0.1201923076923077
9 0.3485576923076923 0.30649038461538464 0.06129807692307692 0.13341346153846154
9 0.1502403846153846 0.53125 0.07211538461538461 0.13822115384615385
7 0.17668269230769232 0.12259615384615384 0.055288461538461536 0.14543269230769232
7 0.1310096153846154 0.6526442307692307 0.06971153846153846 0.14302884615384615
10 0.2668269230769231 0.13581730769230768 0.04447115384615385 0.09615384615384616
10 0.25240384615384615 0.3137019230769231 0.052884615384615384 0.1045673076923077
10 0.23918269230769232 0.6586538461538461 0.05889423076923077 0.11899038461538461
10 0.25240384615384615 0.41947115384615385 0.052884615384615384 0.109375
10 0.41346153846153844 0.055288461538461536 0.04567307692307692 0.1045673076923077
10 0.4170673076923077 0.21995192307692307 0.04567307692307692 0.109375
10 0.43149038461538464 0.5444711538461539 0.04927884615384615 0.11177884615384616