2 0.7487980769230769 0.6021634615384616 0.08774038461538461 0.21033653846153846
6 0.8665865384615384 0.7512019230769231 0.08052884615384616 0.15264423076923078
3 0.46274038461538464 0.38461538461538464 0.078125 0.140625
5 0.625 0.28846153846153844 0.06850961538461539 0.18870192307692307
4 0.7067307692307693 0.21995192307692307 0.055288461538461536 0.1201923076923077
4 0.5444711538461539 0.296875 0.05048076923076923 0.11177884615384616
4 0.6490384615384616 0.5108173076923077 0.05048076923076923 0.11658653846153846
12 0.6682692307692307 0.7271634615384616 0.0733173076923077 0.14783653846153846
9 0.5372596153846154 0.12259615384615384 0.06370192307692307 0.1466346153846154
8 0.28966346153846156 0.3557692307692308 0.07572115384615384 0.20793269230769232
12 0.23317307692307693 0.04326923076923077 0.06129807692307692 0.08653846153846154
11 0.38461538461538464 0.2764423076923077 0.057692307692307696 0.1814903846153846
10 0.46153846153846156 0.2920673076923077 0.057692307692307696 0.12139423076923077
10 0.3088942307692308 0.046875 0.054086538461538464 0.09254807692307693
10 0.3076923076923077 0.1971153846153846 0.054086538461538464 0.1141826923076923
10 0.2800480769230769 0.6033653846153846 0.05889423076923077 0.1141826923076923