2 0.7355769230769231 0.5997596153846154 0.08653846153846154 0.20673076923076922
6 0.8521634615384616 0.7475961538461539 0.07932692307692307 0.1502403846153846
3 0.4543269230769231 0.3858173076923077 0.07692307692307693 0.13822115384615385
5 0.6153846153846154 0.29086538461538464 0.0673076923076923 0.18509615384615385
4 0.6947115384615384 0.22355769230769232 0.054086538461538464 0.11899038461538461
4 0.5360576923076923 0.29927884615384615 0.05048076923076923 0.11057692307692307
4 0.6382211538461539 0.5096153846153846 0.05048076923076923 0.11538461538461539
12 0.6574519230769231 0.7223557692307693 0.07211538461538461 0.14543269230769232
9 0.5276442307692307 0.12740384615384615 0.0625 0.14423076923076922
8 0.2848557692307692 0.35697115384615385 0.07451923076923077 0.20432692307692307
12 0.23076923076923078 0.046875 0.0625 0.09375
11 0.37740384615384615 0.2800480769230769 0.056490384615384616 0.17908653846153846
10 0.453125 0.29447115384615385 0.056490384615384616 0.1201923076923077
10 0.30408653846153844 0.04927884615384615 0.052884615384615384 0.0985576923076923
10 0.30288461538461536 0.20072115384615385 0.052884615384615384 0.11298076923076923
10 0.27524038461538464 0.6009615384615384 0.057692307692307696 0.11298076923076923