2 0.7536057692307693 0.59375 0.09134615384615384 0.21754807692307693
6 0.875 0.7475961538461539 0.08413461538461539 0.15745192307692307
3 0.4579326923076923 0.36899038461538464 0.08052884615384616 0.14543269230769232
5 0.6262019230769231 0.2692307692307692 0.06971153846153846 0.19471153846153846
4 0.7103365384615384 0.19831730769230768 0.057692307692307696 0.12379807692307693
4 0.5432692307692307 0.2776442307692308 0.052884615384615384 0.11538461538461539
4 0.6502403846153846 0.4987980769230769 0.052884615384615384 0.1201923076923077
12 0.6706730769230769 0.7211538461538461 0.07572115384615384 0.15264423076923078
9 0.5348557692307693 0.09735576923076923 0.06610576923076923 0.15144230769230768
8 0.2800480769230769 0.3389423076923077 0.078125 0.21394230769230768
12 0.22115384615384615 0.030048076923076924 0.06370192307692307 0.06009615384615385
11 0.37740384615384615 0.25721153846153844 0.05889423076923077 0.1875
10 0.4567307692307692 0.27283653846153844 0.05889423076923077 0.125
10 0.3004807692307692 0.03365384615384615 0.055288461538461536 0.0673076923076923
10 0.29927884615384615 0.17427884615384615 0.055288461538461536 0.11778846153846154
10 0.2692307692307692 0.59375 0.06129807692307692 0.11778846153846154