6 0.8461538461538461 0.7896634615384616 0.078125 0.14302884615384615
2 0.6550480769230769 0.75 0.08173076923076923 0.21153846153846154
5 0.5901442307692307 0.328125 0.07211538461538461 0.1778846153846154
4 0.6742788461538461 0.2512019230769231 0.05048076923076923 0.10817307692307693
4 0.6201923076923077 0.5492788461538461 0.05889423076923077 0.11177884615384616
4 0.5096153846153846 0.33533653846153844 0.051682692307692304 0.11177884615384616
8 0.34375 0.4074519230769231 0.078125 0.20192307692307693
12 0.1658653846153846 0.24759615384615385 0.0673076923076923 0.125
10 0.2608173076923077 0.08413461538461539 0.057692307692307696 0.10576923076923077
10 0.3485576923076923 0.17908653846153846 0.054086538461538464 0.11057692307692307
10 0.4230769230769231 0.3389423076923077 0.052884615384615384 0.109375
10 0.24519230769230768 0.6754807692307693 0.06129807692307692 0.125