6 0.8497596153846154 0.78125 0.07692307692307693 0.14302884615384615
2 0.6598557692307693 0.7415865384615384 0.08173076923076923 0.21033653846153846
5 0.59375 0.32211538461538464 0.07091346153846154 0.17668269230769232
4 0.6778846153846154 0.24639423076923078 0.05048076923076923 0.10697115384615384
4 0.6237980769230769 0.5420673076923077 0.05889423076923077 0.11177884615384616
4 0.5144230769230769 0.33052884615384615 0.05048076923076923 0.11057692307692307
8 0.34975961538461536 0.4014423076923077 0.07692307692307693 0.20072115384615385
12 0.171875 0.24278846153846154 0.0673076923076923 0.12379807692307693
10 0.2668269230769231 0.07932692307692307 0.057692307692307696 0.1045673076923077
10 0.35336538461538464 0.17307692307692307 0.054086538461538464 0.11057692307692307
10 0.42908653846153844 0.33413461538461536 0.052884615384615384 0.109375
10 0.2512019230769231 0.6682692307692307 0.06009615384615385 0.12379807692307693