6 0.8557692307692307 0.796875 0.078125 0.14423076923076922
2 0.6634615384615384 0.7560096153846154 0.0829326923076923 0.2127403846153846
5 0.5973557692307693 0.3329326923076923 0.07211538461538461 0.17908653846153846
4 0.6814903846153846 0.25600961538461536 0.05048076923076923 0.10817307692307693
4 0.6274038461538461 0.5540865384615384 0.05889423076923077 0.11298076923076923
4 0.5168269230769231 0.3401442307692308 0.051682692307692304 0.11177884615384616
8 0.35096153846153844 0.41346153846153844 0.078125 0.20192307692307693
12 0.17067307692307693 0.25240384615384615 0.0673076923076923 0.125
10 0.2668269230769231 0.08774038461538461 0.057692307692307696 0.10576923076923077
10 0.3545673076923077 0.18269230769230768 0.054086538461538464 0.11177884615384616
10 0.43028846153846156 0.34375 0.054086538461538464 0.11057692307692307
10 0.2512019230769231 0.6814903846153846 0.06129807692307692 0.125