2 0.765625 0.28365384615384615 0.08052884615384616 0.19831730769230768
5 0.5108173076923077 0.4110576923076923 0.06610576923076923 0.17908653846153846
1 0.6442307692307693 0.06490384615384616 0.056490384615384616 0.12860576923076922
6 0.7283653846153846 0.06129807692307692 0.052884615384615384 0.11899038461538461
6 0.8449519230769231 0.7788461538461539 0.08052884615384616 0.13942307692307693
4 0.7367788461538461 0.7788461538461539 0.06370192307692307 0.1141826923076923
3 0.6310096153846154 0.6454326923076923 0.07211538461538461 0.15504807692307693
3 0.5961538461538461 0.3233173076923077 0.05889423076923077 0.140625
4 0.6778846153846154 0.3269230769230769 0.04927884615384615 0.10336538461538461
4 0.5697115384615384 0.15504807692307693 0.046875 0.1045673076923077
4 0.5036057692307693 0.2439903846153846 0.04567307692307692 0.10576923076923077
4 0.5997596153846154 0.5300480769230769 0.04927884615384615 0.11057692307692307
4 0.5324519230769231 0.6586538461538461 0.054086538461538464 0.11298076923076923
4 0.34134615384615385 0.43509615384615385 0.04927884615384615 0.10096153846153846
1 0.34375 0.5324519230769231 0.06009615384615385 0.14423076923076922
10 0.2548076923076923 0.1466346153846154 0.04567307692307692 0.10697115384615384
11 0.25961538461538464 0.20192307692307693 0.06009615384615385 0.16947115384615385
8 0.14302884615384615 0.3894230769230769 0.07451923076923077 0.19471153846153846
9 0.14182692307692307 0.5336538461538461 0.07572115384615384 0.13942307692307693
7 0.16466346153846154 0.1310096153846154 0.06850961538461539 0.13581730769230768
7 0.12259615384615384 0.6538461538461539 0.06610576923076923 0.140625
9 0.3389423076923077 0.31009615384615385 0.0625 0.1346153846153846
12 0.1778846153846154 0.06490384615384616 0.06610576923076923 0.12980769230769232
10 0.39903846153846156 0.0625 0.04807692307692308 0.109375
10 0.40384615384615385 0.23076923076923078 0.04927884615384615 0.11057692307692307
10 0.24158653846153846 0.32091346153846156 0.05048076923076923 0.10576923076923077
10 0.2403846153846154 0.4254807692307692 0.056490384615384616 0.10697115384615384
10 0.22716346153846154 0.6586538461538461 0.0625 0.11658653846153846
10 0.41586538461538464 0.5480769230769231 0.04927884615384615 0.11057692307692307