2 0.7752403846153846 0.27524038461538464 0.08173076923076923 0.20192307692307693
5 0.515625 0.40384615384615385 0.06610576923076923 0.1814903846153846
1 0.6514423076923077 0.05889423076923077 0.056490384615384616 0.11778846153846154
6 0.7379807692307693 0.055288461538461536 0.057692307692307696 0.11057692307692307
6 0.8557692307692307 0.7788461538461539 0.08173076923076923 0.14182692307692307
4 0.7451923076923077 0.7776442307692307 0.06490384615384616 0.11658653846153846
3 0.6382211538461539 0.6430288461538461 0.0733173076923077 0.15745192307692307
3 0.6021634615384616 0.31490384615384615 0.06009615384615385 0.14302884615384615
4 0.6850961538461539 0.31971153846153844 0.05048076923076923 0.1045673076923077
4 0.5757211538461539 0.14423076923076922 0.04807692307692308 0.10697115384615384
4 0.5084134615384616 0.234375 0.046875 0.10817307692307693
4 0.6057692307692307 0.5252403846153846 0.05048076923076923 0.11298076923076923
4 0.5372596153846154 0.65625 0.055288461538461536 0.1141826923076923
4 0.34375 0.42908653846153844 0.04927884615384615 0.10216346153846154
1 0.34615384615384615 0.5264423076923077 0.06129807692307692 0.1466346153846154
10 0.25600961538461536 0.13581730769230768 0.046875 0.109375
11 0.2608173076923077 0.19110576923076922 0.06129807692307692 0.17307692307692307
8 0.14182692307692307 0.38221153846153844 0.07572115384615384 0.19831730769230768
9 0.140625 0.5288461538461539 0.07692307692307693 0.14182692307692307
7 0.16466346153846154 0.11899038461538461 0.06971153846153846 0.13822115384615385
7 0.12139423076923077 0.6514423076923077 0.0673076923076923 0.14302884615384615
9 0.3401442307692308 0.3016826923076923 0.06370192307692307 0.13701923076923078
12 0.17668269230769232 0.05889423076923077 0.06610576923076923 0.11778846153846154
10 0.4026442307692308 0.052884615384615384 0.04927884615384615 0.10576923076923077
10 0.4074519230769231 0.21995192307692307 0.04927884615384615 0.11177884615384616
10 0.24278846153846154 0.3125 0.051682692307692304 0.10817307692307693
10 0.2403846153846154 0.4182692307692308 0.057692307692307696 0.10817307692307693
10 0.22716346153846154 0.65625 0.0625 0.11778846153846154
10 0.41947115384615385 0.5432692307692307 0.04927884615384615 0.11177884615384616