2 0.7824519230769231 0.3004807692307692 0.07932692307692307 0.1971153846153846
5 0.5288461538461539 0.4266826923076923 0.06490384615384616 0.17668269230769232
1 0.6610576923076923 0.07572115384615384 0.055288461538461536 0.140625
6 0.7451923076923077 0.07932692307692307 0.052884615384615384 0.11778846153846154
6 0.8605769230769231 0.7908653846153846 0.08052884615384616 0.13822115384615385
4 0.7536057692307693 0.7908653846153846 0.06370192307692307 0.1141826923076923
3 0.6490384615384616 0.6586538461538461 0.07091346153846154 0.15384615384615385
3 0.6141826923076923 0.3389423076923077 0.05889423076923077 0.13942307692307693
4 0.6947115384615384 0.34375 0.04927884615384615 0.10216346153846154
4 0.5877403846153846 0.17307692307692307 0.04567307692307692 0.10336538461538461
4 0.5216346153846154 0.2608173076923077 0.04567307692307692 0.1045673076923077
4 0.6165865384615384 0.5444711538461539 0.04927884615384615 0.109375
4 0.5504807692307693 0.671875 0.052884615384615384 0.11177884615384616
4 0.36177884615384615 0.45072115384615385 0.04807692307692308 0.09975961538461539
1 0.3641826923076923 0.5456730769230769 0.05889423076923077 0.14302884615384615
10 0.2764423076923077 0.16466346153846154 0.04567307692307692 0.10697115384615384
11 0.28125 0.21875 0.06009615384615385 0.16826923076923078
8 0.16466346153846154 0.4050480769230769 0.0733173076923077 0.19230769230769232
9 0.16466346153846154 0.5480769230769231 0.07451923076923077 0.13822115384615385
7 0.1875 0.14903846153846154 0.06850961538461539 0.1346153846153846
7 0.14543269230769232 0.6670673076923077 0.06610576923076923 0.13942307692307693
9 0.3581730769230769 0.3269230769230769 0.06129807692307692 0.13341346153846154
12 0.19951923076923078 0.08173076923076923 0.06490384615384616 0.12980769230769232
10 0.4182692307692308 0.08052884615384616 0.04807692307692308 0.10817307692307693
10 0.42427884615384615 0.24759615384615385 0.04807692307692308 0.109375
10 0.26322115384615385 0.33774038461538464 0.05048076923076923 0.1045673076923077
10 0.2620192307692308 0.43990384615384615 0.056490384615384616 0.10576923076923077
10 0.24879807692307693 0.671875 0.06129807692307692 0.11538461538461539
10 0.4362980769230769 0.5625 0.04807692307692308 0.109375