9 0.2283653846153846 0.6538461538461539 0.07091346153846154 0.16466346153846154
2 0.7668269230769231 0.30528846153846156 0.08413461538461539 0.20793269230769232
6 0.5637019230769231 0.078125 0.05889423076923077 0.1346153846153846
1 0.4963942307692308 0.23076923076923078 0.06009615384615385 0.1502403846153846
4 0.40865384615384615 0.17908653846153846 0.051682692307692304 0.10817307692307693
4 0.6802884615384616 0.34975961538461536 0.04807692307692308 0.11538461538461539
4 0.5997596153846154 0.546875 0.055288461538461536 0.12379807692307693
4 0.5336538461538461 0.6778846153846154 0.056490384615384616 0.1201923076923077
9 0.4423076923076923 0.6574519230769231 0.0733173076923077 0.15985576923076922
7 0.42908653846153844 0.4338942307692308 0.06129807692307692 0.15985576923076922
8 0.14543269230769232 0.30408653846153844 0.078125 0.21394230769230768
12 0.4230769230769231 0.07451923076923077 0.056490384615384616 0.1310096153846154
11 0.3317307692307692 0.1466346153846154 0.06009615384615385 0.1814903846153846
10 0.25721153846153844 0.1658653846153846 0.052884615384615384 0.11177884615384616
10 0.2439903846153846 0.3449519230769231 0.06129807692307692 0.11298076923076923
10 0.33533653846153844 0.33413461538461536 0.056490384615384616 0.11778846153846154
10 0.34375 0.5661057692307693 0.057692307692307696 0.12860576923076922