9 0.21634615384615385 0.6574519230769231 0.07211538461538461 0.16706730769230768
2 0.7632211538461539 0.30408653846153844 0.08533653846153846 0.21153846153846154
6 0.5564903846153846 0.07211538461538461 0.06009615384615385 0.13701923076923078
1 0.4879807692307692 0.2283653846153846 0.06129807692307692 0.15264423076923078
4 0.39783653846153844 0.17548076923076922 0.052884615384615384 0.11057692307692307
4 0.6754807692307693 0.34975961538461536 0.04807692307692308 0.11778846153846154
4 0.59375 0.5492788461538461 0.056490384615384616 0.12620192307692307
4 0.5264423076923077 0.6814903846153846 0.057692307692307696 0.12259615384615384
9 0.4326923076923077 0.6622596153846154 0.07451923076923077 0.1622596153846154
7 0.41947115384615385 0.43509615384615385 0.0625 0.1622596153846154
8 0.13221153846153846 0.3016826923076923 0.07932692307692307 0.21634615384615385
12 0.41346153846153844 0.06850961538461539 0.057692307692307696 0.13341346153846154
11 0.32091346153846156 0.14182692307692307 0.06129807692307692 0.18509615384615385
10 0.24519230769230768 0.1622596153846154 0.054086538461538464 0.1141826923076923
10 0.23076923076923078 0.34375 0.0625 0.11538461538461539
10 0.3245192307692308 0.3329326923076923 0.056490384615384616 0.1201923076923077
10 0.3329326923076923 0.5685096153846154 0.05889423076923077 0.1310096153846154