9 0.24519230769230768 0.6442307692307693 0.07091346153846154 0.16346153846153846
2 0.78125 0.2980769230769231 0.08413461538461539 0.20673076923076922
6 0.5793269230769231 0.07211538461538461 0.05889423076923077 0.1346153846153846
1 0.5120192307692307 0.22355769230769232 0.05889423076923077 0.14903846153846154
4 0.42427884615384615 0.171875 0.051682692307692304 0.10817307692307693
4 0.6947115384615384 0.3425480769230769 0.046875 0.11538461538461539
4 0.6153846153846154 0.5384615384615384 0.055288461538461536 0.12379807692307693
4 0.5492788461538461 0.6682692307692307 0.056490384615384616 0.11899038461538461
9 0.4579326923076923 0.6478365384615384 0.07211538461538461 0.15865384615384615
7 0.44471153846153844 0.4254807692307692 0.06129807692307692 0.15865384615384615
8 0.16346153846153846 0.296875 0.07692307692307693 0.2127403846153846
12 0.4387019230769231 0.06850961538461539 0.056490384615384616 0.1310096153846154
11 0.3485576923076923 0.13942307692307693 0.06009615384615385 0.1814903846153846
10 0.27403846153846156 0.15865384615384615 0.052884615384615384 0.11177884615384616
10 0.2608173076923077 0.33653846153846156 0.06129807692307692 0.11298076923076923
10 0.35096153846153844 0.3269230769230769 0.056490384615384616 0.11778846153846154
10 0.359375 0.5576923076923077 0.057692307692307696 0.12860576923076922