6 0.8473557692307693 0.7403846153846154 0.07451923076923077 0.13822115384615385
2 0.8137019230769231 0.4963942307692308 0.09254807692307693 0.19831730769230768
5 0.6021634615384616 0.29447115384615385 0.0625 0.17908653846153846
3 0.4411057692307692 0.39903846153846156 0.0673076923076923 0.13822115384615385
4 0.7043269230769231 0.40865384615384615 0.05048076923076923 0.10817307692307693
4 0.6814903846153846 0.2283653846153846 0.046875 0.10697115384615384
4 0.6262019230769231 0.5096153846153846 0.052884615384615384 0.11778846153846154
4 0.5204326923076923 0.3088942307692308 0.04326923076923077 0.11057692307692307
4 0.36538461538461536 0.0625 0.04447115384615385 0.11298076923076923
11 0.36538461538461536 0.29447115384615385 0.06009615384615385 0.17548076923076922
8 0.2704326923076923 0.37259615384615385 0.07692307692307693 0.20072115384615385
9 0.359375 0.4963942307692308 0.057692307692307696 0.15144230769230768
7 0.44350961538461536 0.609375 0.06370192307692307 0.15264423076923078
9 0.5108173076923077 0.13341346153846154 0.055288461538461536 0.14543269230769232
12 0.6478365384615384 0.7283653846153846 0.07451923076923077 0.14903846153846154
12 0.2091346153846154 0.055288461538461536 0.056490384615384616 0.11057692307692307
10 0.4375 0.3076923076923077 0.05048076923076923 0.1045673076923077
10 0.2848557692307692 0.057692307692307696 0.05048076923076923 0.09735576923076923
10 0.28725961538461536 0.21754807692307693 0.051682692307692304 0.1045673076923077
10 0.2644230769230769 0.6189903846153846 0.06129807692307692 0.11778846153846154