6 0.8401442307692307 0.7355769230769231 0.07451923076923077 0.13701923076923078
2 0.8064903846153846 0.49278846153846156 0.09134615384615384 0.1971153846153846
5 0.5961538461538461 0.2932692307692308 0.0625 0.1778846153846154
3 0.4362980769230769 0.3954326923076923 0.06610576923076923 0.13701923076923078
4 0.6983173076923077 0.40625 0.05048076923076923 0.10697115384615384
4 0.6754807692307693 0.22596153846153846 0.046875 0.10697115384615384
4 0.6201923076923077 0.5060096153846154 0.052884615384615384 0.11658653846153846
4 0.515625 0.30649038461538464 0.04326923076923077 0.11057692307692307
4 0.3605769230769231 0.06129807692307692 0.04447115384615385 0.11298076923076923
11 0.3605769230769231 0.2920673076923077 0.05889423076923077 0.17548076923076922
8 0.265625 0.3701923076923077 0.07572115384615384 0.19951923076923078
9 0.3545673076923077 0.49278846153846156 0.057692307692307696 0.1502403846153846
7 0.4387019230769231 0.6045673076923077 0.06370192307692307 0.15144230769230768
9 0.5060096153846154 0.13221153846153846 0.055288461538461536 0.14423076923076922
12 0.6418269230769231 0.7235576923076923 0.07451923076923077 0.14903846153846154
12 0.20432692307692307 0.055288461538461536 0.056490384615384616 0.109375
10 0.4326923076923077 0.30528846153846156 0.04927884615384615 0.1045673076923077
10 0.28125 0.057692307692307696 0.05048076923076923 0.09735576923076923
10 0.28365384615384615 0.21634615384615385 0.05048076923076923 0.10336538461538461
10 0.25961538461538464 0.6153846153846154 0.06129807692307692 0.11658653846153846