6 0.8425480769230769 0.7512019230769231 0.07572115384615384 0.140625
2 0.8076923076923077 0.5024038461538461 0.09375 0.20192307692307693
5 0.59375 0.2980769230769231 0.06370192307692307 0.1814903846153846
3 0.42908653846153844 0.40384615384615385 0.0673076923076923 0.140625
4 0.6971153846153846 0.41466346153846156 0.051682692307692304 0.109375
4 0.6742788461538461 0.23076923076923078 0.04807692307692308 0.10817307692307693
4 0.6177884615384616 0.5168269230769231 0.054086538461538464 0.11899038461538461
4 0.5108173076923077 0.3125 0.04326923076923077 0.11298076923076923
4 0.35336538461538464 0.0625 0.04567307692307692 0.1141826923076923
11 0.35216346153846156 0.2980769230769231 0.06009615384615385 0.17908653846153846
8 0.25600961538461536 0.37740384615384615 0.078125 0.20432692307692307
9 0.34615384615384615 0.5036057692307693 0.05889423076923077 0.15384615384615385
7 0.4326923076923077 0.6165865384615384 0.06490384615384616 0.15504807692307693
9 0.5 0.13581730769230768 0.056490384615384616 0.1466346153846154
12 0.6394230769230769 0.7379807692307693 0.07572115384615384 0.15144230769230768
12 0.1935096153846154 0.056490384615384616 0.057692307692307696 0.11177884615384616
10 0.4254807692307692 0.3112980769230769 0.05048076923076923 0.10697115384615384
10 0.2704326923076923 0.05889423076923077 0.051682692307692304 0.09975961538461539
10 0.27403846153846156 0.21995192307692307 0.051682692307692304 0.10576923076923077
10 0.25 0.6274038461538461 0.0625 0.11899038461538461