11 0.33653846153846156 0.13581730769230768 0.07451923076923077 0.18389423076923078
7 0.171875 0.13701923076923078 0.06370192307692307 0.140625
12 0.18629807692307693 0.07692307692307693 0.06490384615384616 0.12860576923076922
8 0.15384615384615385 0.2956730769230769 0.07932692307692307 0.2091346153846154
9 0.2247596153846154 0.7896634615384616 0.08774038461538461 0.16947115384615385
10 0.2644230769230769 0.15384615384615385 0.06129807692307692 0.12139423076923077
10 0.24879807692307693 0.328125 0.057692307692307696 0.1141826923076923
10 0.24879807692307693 0.43028846153846156 0.06009615384615385 0.1201923076923077
10 0.3485576923076923 0.5576923076923077 0.0625 0.11538461538461539
2 0.7668269230769231 0.28725961538461536 0.08653846153846154 0.203125
1 0.59375 0.14903846153846154 0.06129807692307692 0.14302884615384615
3 0.23197115384615385 0.6334134615384616 0.07692307692307693 0.16706730769230768
3 0.3401442307692308 0.42908653846153844 0.06850961538461539 0.16706730769230768
6 0.5649038461538461 0.06610576923076923 0.057692307692307696 0.12980769230769232
6 0.5048076923076923 0.33413461538461536 0.06490384615384616 0.13822115384615385
4 0.4074519230769231 0.17427884615384615 0.051682692307692304 0.11658653846153846
4 0.6802884615384616 0.3317307692307692 0.04927884615384615 0.11778846153846154
4 0.5396634615384616 0.6610576923076923 0.06009615384615385 0.12740384615384615
4 0.5985576923076923 0.5336538461538461 0.057692307692307696 0.12740384615384615