11 0.3545673076923077 0.13221153846153846 0.07572115384615384 0.1875
7 0.1875 0.13341346153846154 0.06490384615384616 0.14302884615384615
12 0.20192307692307693 0.07091346153846154 0.06610576923076923 0.13221153846153846
8 0.16826923076923078 0.29447115384615385 0.08052884615384616 0.2127403846153846
9 0.2403846153846154 0.7992788461538461 0.0889423076923077 0.171875
10 0.28125 0.1502403846153846 0.0625 0.12379807692307693
10 0.265625 0.328125 0.05889423076923077 0.11658653846153846
10 0.2668269230769231 0.4326923076923077 0.06129807692307692 0.12259615384615384
10 0.36658653846153844 0.5612980769230769 0.06370192307692307 0.11778846153846154
2 0.7944711538461539 0.2860576923076923 0.08774038461538461 0.20673076923076922
1 0.6177884615384616 0.14543269230769232 0.0625 0.1466346153846154
3 0.24879807692307693 0.640625 0.07932692307692307 0.17067307692307693
3 0.359375 0.43028846153846156 0.06971153846153846 0.17067307692307693
6 0.5889423076923077 0.06370192307692307 0.05889423076923077 0.12740384615384615
6 0.5264423076923077 0.33413461538461536 0.0673076923076923 0.140625
4 0.42788461538461536 0.17067307692307693 0.052884615384615384 0.11899038461538461
4 0.7055288461538461 0.3317307692307692 0.05048076923076923 0.1201923076923077
4 0.5625 0.6682692307692307 0.06129807692307692 0.12980769230769232
4 0.6237980769230769 0.5372596153846154 0.05889423076923077 0.12980769230769232