11 0.3269230769230769 0.14423076923076922 0.07572115384615384 0.18629807692307693
7 0.16105769230769232 0.14543269230769232 0.06490384615384616 0.14182692307692307
12 0.17427884615384615 0.08413461538461539 0.06610576923076923 0.1310096153846154
8 0.14182692307692307 0.30528846153846156 0.08052884615384616 0.21153846153846154
9 0.21394230769230768 0.8076923076923077 0.0889423076923077 0.171875
10 0.2536057692307692 0.1622596153846154 0.06129807692307692 0.12259615384615384
10 0.23918269230769232 0.3389423076923077 0.057692307692307696 0.11658653846153846
10 0.23918269230769232 0.44350961538461536 0.06129807692307692 0.12139423076923077
10 0.3389423076923077 0.5721153846153846 0.06370192307692307 0.11778846153846154
2 0.7644230769230769 0.2980769230769231 0.08774038461538461 0.20552884615384615
1 0.5877403846153846 0.15745192307692307 0.06129807692307692 0.14543269230769232
3 0.22235576923076922 0.6490384615384616 0.078125 0.16947115384615385
3 0.3317307692307692 0.4411057692307692 0.06971153846153846 0.16947115384615385
6 0.5600961538461539 0.0733173076923077 0.05889423076923077 0.1310096153846154
6 0.4987980769230769 0.3449519230769231 0.06610576923076923 0.13942307692307693
4 0.40024038461538464 0.18269230769230768 0.052884615384615384 0.11778846153846154
4 0.6766826923076923 0.3425480769230769 0.05048076923076923 0.11899038461538461
4 0.5336538461538461 0.6766826923076923 0.06129807692307692 0.12860576923076922
4 0.59375 0.546875 0.05889423076923077 0.12980769230769232