9 0.23798076923076922 0.7896634615384616 0.0889423076923077 0.15985576923076922
7 0.4387019230769231 0.42908653846153844 0.06610576923076923 0.15865384615384615
11 0.3473557692307692 0.14783653846153846 0.06129807692307692 0.18389423076923078
8 0.16466346153846154 0.3016826923076923 0.07932692307692307 0.22235576923076922
12 0.19471153846153846 0.0889423076923077 0.06129807692307692 0.1310096153846154
10 0.27403846153846156 0.171875 0.052884615384615384 0.109375
10 0.2548076923076923 0.33774038461538464 0.057692307692307696 0.109375
10 0.25961538461538464 0.4362980769230769 0.06129807692307692 0.11177884615384616
10 0.3545673076923077 0.5564903846153846 0.06490384615384616 0.12259615384615384
2 0.7680288461538461 0.296875 0.0889423076923077 0.21394230769230768
6 0.5721153846153846 0.08774038461538461 0.052884615384615384 0.12740384615384615
6 0.35096153846153844 0.3425480769230769 0.0625 0.13701923076923078
3 0.3473557692307692 0.4362980769230769 0.06850961538461539 0.1502403846153846
3 0.24519230769230768 0.640625 0.06610576923076923 0.16105769230769232
1 0.5084134615384616 0.23677884615384615 0.06009615384615385 0.15625
4 0.41586538461538464 0.18028846153846154 0.051682692307692304 0.10817307692307693
4 0.6838942307692307 0.34134615384615385 0.051682692307692304 0.10576923076923077
4 0.6081730769230769 0.5384615384615384 0.056490384615384616 0.12259615384615384
4 0.5444711538461539 0.6670673076923077 0.057692307692307696 0.11778846153846154