9 0.21514423076923078 0.8100961538461539 0.09254807692307693 0.1658653846153846
7 0.42427884615384615 0.4375 0.06850961538461539 0.16466346153846154
11 0.3293269230769231 0.14543269230769232 0.06370192307692307 0.19110576923076922
8 0.13942307692307693 0.30408653846153844 0.0829326923076923 0.23076923076923078
12 0.17067307692307693 0.08413461538461539 0.06370192307692307 0.13581730769230768
10 0.25240384615384615 0.17067307692307693 0.055288461538461536 0.1141826923076923
10 0.23317307692307693 0.3425480769230769 0.05889423076923077 0.11298076923076923
10 0.23798076923076922 0.44350961538461536 0.06370192307692307 0.11658653846153846
10 0.33653846153846156 0.5685096153846154 0.0673076923076923 0.12740384615384615
2 0.7644230769230769 0.29927884615384615 0.09134615384615384 0.22235576923076922
6 0.5625 0.0829326923076923 0.055288461538461536 0.13221153846153846
6 0.3329326923076923 0.3473557692307692 0.06490384615384616 0.14182692307692307
3 0.3293269230769231 0.44471153846153844 0.07091346153846154 0.15504807692307693
3 0.22235576923076922 0.65625 0.06850961538461539 0.16706730769230768
1 0.4963942307692308 0.23798076923076922 0.0625 0.16105769230769232
4 0.40024038461538464 0.17908653846153846 0.054086538461538464 0.11298076923076923
4 0.6778846153846154 0.34615384615384615 0.054086538461538464 0.109375
4 0.5985576923076923 0.5504807692307693 0.05889423076923077 0.12740384615384615
4 0.5336538461538461 0.6838942307692307 0.06009615384615385 0.12259615384615384