5 0.7872596153846154 0.2980769230769231 0.07451923076923077 0.1658653846153846
2 0.7932692307692307 0.37259615384615385 0.07932692307692307 0.19230769230769232
1 0.765625 0.21514423076923078 0.052884615384615384 0.1310096153846154
1 0.8088942307692307 0.5024038461538461 0.06009615384615385 0.1310096153846154
3 0.75 0.13581730769230768 0.056490384615384616 0.12139423076923077
3 0.8305288461538461 0.6201923076923077 0.0733173076923077 0.12620192307692307
6 0.7451923076923077 0.06490384615384616 0.05048076923076923 0.10336538461538461
6 0.8449519230769231 0.7415865384615384 0.06971153846153846 0.125
4 0.7415865384615384 0.7451923076923077 0.051682692307692304 0.10336538461538461
4 0.7271634615384616 0.6213942307692307 0.051682692307692304 0.0985576923076923
4 0.7139423076923077 0.5144230769230769 0.051682692307692304 0.09735576923076923
4 0.7019230769230769 0.40865384615384615 0.04447115384615385 0.09735576923076923
4 0.6875 0.31009615384615385 0.04447115384615385 0.09735576923076923
4 0.6766826923076923 0.2283653846153846 0.04567307692307692 0.09615384615384616
4 0.6682692307692307 0.14543269230769232 0.042067307692307696 0.09375
4 0.6622596153846154 0.05889423076923077 0.038461538461538464 0.0985576923076923
11 0.18389423076923078 0.2800480769230769 0.06490384615384616 0.16947115384615385
8 0.16826923076923078 0.36778846153846156 0.06850961538461539 0.19591346153846154
7 0.18629807692307693 0.20432692307692307 0.05048076923076923 0.1310096153846154
7 0.15264423076923078 0.4951923076923077 0.06009615384615385 0.13942307692307693
9 0.1935096153846154 0.12740384615384615 0.057692307692307696 0.12379807692307693
9 0.1502403846153846 0.6298076923076923 0.0673076923076923 0.1346153846153846
12 0.203125 0.052884615384615384 0.05048076923076923 0.1045673076923077
12 0.1346153846153846 0.7572115384615384 0.07211538461538461 0.13822115384615385
10 0.2776442307692308 0.055288461538461536 0.04447115384615385 0.09014423076923077
10 0.2776442307692308 0.13822115384615385 0.04567307692307692 0.09134615384615384
10 0.2764423076923077 0.2247596153846154 0.04447115384615385 0.0985576923076923
10 0.27163461538461536 0.31009615384615385 0.05048076923076923 0.0985576923076923
10 0.2692307692307692 0.41346153846153844 0.055288461538461536 0.10216346153846154
10 0.25961538461538464 0.5168269230769231 0.055288461538461536 0.10096153846153846
10 0.25961538461538464 0.6201923076923077 0.052884615384615384 0.10817307692307693
10 0.25 0.7427884615384616 0.052884615384615384 0.1141826923076923