5 0.7944711538461539 0.29927884615384615 0.07692307692307693 0.16947115384615385
2 0.8004807692307693 0.375 0.08052884615384616 0.1971153846153846
1 0.7728365384615384 0.21394230769230768 0.054086538461538464 0.1346153846153846
1 0.8161057692307693 0.5084134615384616 0.06129807692307692 0.1346153846153846
3 0.7560096153846154 0.13221153846153846 0.057692307692307696 0.12379807692307693
3 0.8389423076923077 0.6298076923076923 0.07572115384615384 0.12860576923076922
6 0.7512019230769231 0.06009615384615385 0.051682692307692304 0.10697115384615384
6 0.8533653846153846 0.7548076923076923 0.07211538461538461 0.12860576923076922
4 0.7475961538461539 0.7572115384615384 0.052884615384615384 0.10697115384615384
4 0.7319711538461539 0.6310096153846154 0.052884615384615384 0.10216346153846154
4 0.7199519230769231 0.5216346153846154 0.052884615384615384 0.09975961538461539
4 0.7067307692307693 0.41225961538461536 0.04567307692307692 0.09975961538461539
4 0.6923076923076923 0.3112980769230769 0.04567307692307692 0.09975961538461539
4 0.6802884615384616 0.22716346153846154 0.046875 0.0985576923076923
4 0.671875 0.14182692307692307 0.04326923076923077 0.09615384615384616
4 0.6658653846153846 0.054086538461538464 0.039663461538461536 0.10216346153846154
11 0.17548076923076922 0.2800480769230769 0.06610576923076923 0.17427884615384615
8 0.15865384615384615 0.3701923076923077 0.06971153846153846 0.20072115384615385
7 0.1778846153846154 0.20192307692307693 0.051682692307692304 0.1346153846153846
7 0.14302884615384615 0.5012019230769231 0.0625 0.14302884615384615
9 0.18509615384615385 0.12379807692307693 0.05889423076923077 0.12740384615384615
9 0.140625 0.6394230769230769 0.06971153846153846 0.13822115384615385
12 0.19471153846153846 0.05048076923076923 0.051682692307692304 0.10096153846153846
12 0.12379807692307693 0.7704326923076923 0.07451923076923077 0.14182692307692307
10 0.27163461538461536 0.05048076923076923 0.04567307692307692 0.09254807692307693
10 0.2704326923076923 0.1346153846153846 0.046875 0.09375
10 0.2704326923076923 0.22355769230769232 0.04567307692307692 0.10096153846153846
10 0.2644230769230769 0.3112980769230769 0.051682692307692304 0.10216346153846154
10 0.2620192307692308 0.4170673076923077 0.056490384615384616 0.1045673076923077
10 0.2536057692307692 0.5240384615384616 0.056490384615384616 0.10336538461538461
10 0.25240384615384615 0.6298076923076923 0.054086538461538464 0.11177884615384616
10 0.24278846153846154 0.7560096153846154 0.054086538461538464 0.11658653846153846