5 0.7884615384615384 0.30408653846153844 0.07692307692307693 0.17067307692307693
2 0.7944711538461539 0.3798076923076923 0.08173076923076923 0.19831730769230768
1 0.7668269230769231 0.21754807692307693 0.054086538461538464 0.1346153846153846
1 0.8100961538461539 0.5144230769230769 0.0625 0.1346153846153846
3 0.75 0.13581730769230768 0.05889423076923077 0.125
3 0.8341346153846154 0.6358173076923077 0.07572115384615384 0.12980769230769232
6 0.7451923076923077 0.0625 0.051682692307692304 0.10697115384615384
6 0.8485576923076923 0.7608173076923077 0.07211538461538461 0.12860576923076922
4 0.7415865384615384 0.7644230769230769 0.052884615384615384 0.10697115384615384
4 0.7259615384615384 0.6370192307692307 0.054086538461538464 0.10216346153846154
4 0.7127403846153846 0.5276442307692307 0.052884615384615384 0.10096153846153846
4 0.7007211538461539 0.4170673076923077 0.046875 0.09975961538461539
4 0.6862980769230769 0.31490384615384615 0.04567307692307692 0.09975961538461539
4 0.6742788461538461 0.23076923076923078 0.046875 0.0985576923076923
4 0.6658653846153846 0.14543269230769232 0.04326923076923077 0.09615384615384616
4 0.6598557692307693 0.056490384615384616 0.039663461538461536 0.10216346153846154
11 0.1658653846153846 0.2848557692307692 0.06610576923076923 0.17548076923076922
8 0.14903846153846154 0.375 0.06971153846153846 0.20192307692307693
7 0.16826923076923078 0.20552884615384615 0.052884615384615384 0.1346153846153846
7 0.1346153846153846 0.5060096153846154 0.0625 0.14423076923076922
9 0.17548076923076922 0.12740384615384615 0.05889423076923077 0.12740384615384615
9 0.1310096153846154 0.6454326923076923 0.06971153846153846 0.13822115384615385
12 0.18629807692307693 0.052884615384615384 0.055288461538461536 0.10576923076923077
12 0.1141826923076923 0.7776442307692307 0.07451923076923077 0.14302884615384615
10 0.26322115384615385 0.054086538461538464 0.046875 0.09375
10 0.2620192307692308 0.13822115384615385 0.046875 0.09495192307692307
10 0.2620192307692308 0.22716346153846154 0.04567307692307692 0.10096153846153846
10 0.25600961538461536 0.31490384615384615 0.052884615384615384 0.10216346153846154
10 0.2536057692307692 0.421875 0.056490384615384616 0.10576923076923077
10 0.2439903846153846 0.5288461538461539 0.056490384615384616 0.10336538461538461
10 0.2439903846153846 0.6358173076923077 0.054086538461538464 0.11177884615384616
10 0.23317307692307693 0.7620192307692307 0.054086538461538464 0.11778846153846154