11 0.34615384615384615 0.14302884615384615 0.06971153846153846 0.18269230769230768
12 0.19951923076923078 0.08774038461538461 0.06490384615384616 0.1310096153846154
7 0.18990384615384615 0.1466346153846154 0.0625 0.14783653846153846
8 0.16706730769230768 0.30528846153846156 0.07572115384615384 0.20793269230769232
9 0.2403846153846154 0.7920673076923077 0.08413461538461539 0.16346153846153846
10 0.27403846153846156 0.16105769230769232 0.054086538461538464 0.11057692307692307
10 0.25961538461538464 0.33653846153846156 0.054086538461538464 0.10817307692307693
10 0.2608173076923077 0.4362980769230769 0.0625 0.11298076923076923
10 0.36177884615384615 0.5637019230769231 0.06009615384615385 0.11658653846153846
2 0.7788461538461539 0.29927884615384615 0.08653846153846154 0.203125
6 0.578125 0.07692307692307693 0.06009615384615385 0.13221153846153846
1 0.5096153846153846 0.2283653846153846 0.0625 0.15504807692307693
6 0.5144230769230769 0.34375 0.06370192307692307 0.12740384615384615
3 0.3545673076923077 0.43028846153846156 0.07451923076923077 0.1622596153846154
3 0.24278846153846154 0.6418269230769231 0.0733173076923077 0.15745192307692307
4 0.421875 0.17427884615384615 0.05048076923076923 0.11298076923076923
4 0.546875 0.6682692307692307 0.05889423076923077 0.11538461538461539
4 0.6911057692307693 0.34134615384615385 0.054086538461538464 0.11298076923076923
4 0.6153846153846154 0.5420673076923077 0.055288461538461536 0.1141826923076923