11 0.33052884615384615 0.14543269230769232 0.07091346153846154 0.18629807692307693
12 0.18028846153846154 0.0889423076923077 0.06610576923076923 0.13341346153846154
7 0.17067307692307693 0.14903846153846154 0.06370192307692307 0.1502403846153846
8 0.14783653846153846 0.31009615384615385 0.07692307692307693 0.21153846153846154
9 0.22235576923076922 0.8076923076923077 0.08653846153846154 0.16706730769230768
10 0.25721153846153844 0.16346153846153846 0.055288461538461536 0.11298076923076923
10 0.24158653846153846 0.3425480769230769 0.054086538461538464 0.11057692307692307
10 0.2439903846153846 0.44350961538461536 0.06370192307692307 0.1141826923076923
10 0.34615384615384615 0.5745192307692307 0.06129807692307692 0.11899038461538461
2 0.7716346153846154 0.30408653846153844 0.0889423076923077 0.20793269230769232
6 0.5673076923076923 0.078125 0.06129807692307692 0.1346153846153846
1 0.49759615384615385 0.23197115384615385 0.06370192307692307 0.15865384615384615
6 0.5024038461538461 0.34975961538461536 0.06490384615384616 0.12980769230769232
3 0.33774038461538464 0.4387019230769231 0.07572115384615384 0.1658653846153846
3 0.2247596153846154 0.6550480769230769 0.07451923076923077 0.16105769230769232
4 0.4074519230769231 0.1778846153846154 0.05048076923076923 0.1141826923076923
4 0.5348557692307693 0.6814903846153846 0.06009615384615385 0.11778846153846154
4 0.6826923076923077 0.3473557692307692 0.054086538461538464 0.11538461538461539
4 0.6057692307692307 0.5528846153846154 0.056490384615384616 0.11658653846153846