11 0.3173076923076923 0.14423076923076922 0.07211538461538461 0.18870192307692307
12 0.1658653846153846 0.08653846153846154 0.0673076923076923 0.13581730769230768
7 0.15504807692307693 0.14903846153846154 0.06490384615384616 0.15264423076923078
8 0.13221153846153846 0.3125 0.078125 0.21514423076923078
9 0.20793269230769232 0.8173076923076923 0.08774038461538461 0.17067307692307693
10 0.24278846153846154 0.1622596153846154 0.056490384615384616 0.11538461538461539
10 0.22716346153846154 0.3449519230769231 0.055288461538461536 0.11177884615384616
10 0.22956730769230768 0.4483173076923077 0.06490384615384616 0.11658653846153846
10 0.33413461538461536 0.5805288461538461 0.0625 0.1201923076923077
2 0.7668269230769231 0.30649038461538464 0.09014423076923077 0.21153846153846154
6 0.5576923076923077 0.07572115384615384 0.0625 0.13701923076923078
1 0.4879807692307692 0.23197115384615385 0.06490384615384616 0.16105769230769232
6 0.49278846153846156 0.35216346153846156 0.06610576923076923 0.13221153846153846
3 0.32572115384615385 0.4423076923076923 0.07692307692307693 0.16826923076923078
3 0.21033653846153846 0.6622596153846154 0.07572115384615384 0.16346153846153846
4 0.3954326923076923 0.17668269230769232 0.051682692307692304 0.11658653846153846
4 0.5252403846153846 0.6887019230769231 0.06009615384615385 0.1201923076923077
4 0.6754807692307693 0.34975961538461536 0.055288461538461536 0.11778846153846154
4 0.5973557692307693 0.5576923076923077 0.056490384615384616 0.11899038461538461