12 0.44471153846153844 0.2512019230769231 0.06009615384615385 0.13221153846153846
8 0.3557692307692308 0.41346153846153844 0.07572115384615384 0.20793269230769232
10 0.4338942307692308 0.3401442307692308 0.054086538461538464 0.1141826923076923
10 0.3581730769230769 0.17427884615384615 0.054086538461538464 0.11298076923076923
10 0.2704326923076923 0.08173076923076923 0.052884615384615384 0.10817307692307693
10 0.25600961538461536 0.6838942307692307 0.06009615384615385 0.11899038461538461
2 0.6706730769230769 0.7608173076923077 0.08413461538461539 0.21514423076923078
6 0.8653846153846154 0.7980769230769231 0.08052884615384616 0.14423076923076922
5 0.6057692307692307 0.3245192307692308 0.06610576923076923 0.1875
4 0.6911057692307693 0.25240384615384615 0.04447115384615385 0.109375
4 0.5228365384615384 0.33653846153846156 0.046875 0.10817307692307693
4 0.6358173076923077 0.5540865384615384 0.054086538461538464 0.11538461538461539