12 0.453125 0.2403846153846154 0.06129807692307692 0.1346153846153846
8 0.3605769230769231 0.4074519230769231 0.078125 0.2127403846153846
10 0.4411057692307692 0.3317307692307692 0.055288461538461536 0.11658653846153846
10 0.3641826923076923 0.1622596153846154 0.055288461538461536 0.11538461538461539
10 0.27403846153846156 0.0673076923076923 0.054086538461538464 0.11057692307692307
10 0.25961538461538464 0.6838942307692307 0.06129807692307692 0.12139423076923077
2 0.6838942307692307 0.7608173076923077 0.08533653846153846 0.21875
6 0.8822115384615384 0.8004807692307693 0.0829326923076923 0.1466346153846154
5 0.6165865384615384 0.3161057692307692 0.0673076923076923 0.19230769230769232
4 0.7043269230769231 0.24158653846153846 0.04567307692307692 0.11177884615384616
4 0.5324519230769231 0.328125 0.04807692307692308 0.11057692307692307
4 0.6466346153846154 0.5504807692307693 0.055288461538461536 0.11778846153846154