12 0.4423076923076923 0.24879807692307693 0.05889423076923077 0.12980769230769232
8 0.35336538461538464 0.40865384615384615 0.07451923076923077 0.20432692307692307
10 0.43028846153846156 0.33653846153846156 0.054086538461538464 0.11177884615384616
10 0.35697115384615385 0.17307692307692307 0.054086538461538464 0.11057692307692307
10 0.2704326923076923 0.08173076923076923 0.051682692307692304 0.10697115384615384
10 0.25600961538461536 0.6754807692307693 0.06009615384615385 0.11658653846153846
2 0.6646634615384616 0.7512019230769231 0.0829326923076923 0.21153846153846154
6 0.8557692307692307 0.7884615384615384 0.07932692307692307 0.14182692307692307
5 0.5997596153846154 0.32091346153846156 0.06490384615384616 0.18509615384615385
4 0.6838942307692307 0.25 0.04447115384615385 0.10817307692307693
4 0.5180288461538461 0.3329326923076923 0.046875 0.10697115384615384
4 0.6298076923076923 0.546875 0.054086538461538464 0.1141826923076923