2 0.7728365384615384 0.2980769230769231 0.07451923076923077 0.19230769230769232
5 0.7956730769230769 0.4026442307692308 0.07451923076923077 0.171875
3 0.8197115384615384 0.5420673076923077 0.07091346153846154 0.12740384615384615
3 0.7704326923076923 0.24158653846153846 0.06490384615384616 0.12259615384615384
1 0.828125 0.6586538461538461 0.0673076923076923 0.14302884615384615
1 0.7451923076923077 0.14903846153846154 0.05048076923076923 0.140625
6 0.7295673076923077 0.07572115384615384 0.055288461538461536 0.11778846153846154
6 0.8545673076923077 0.7920673076923077 0.08052884615384616 0.13581730769230768
4 0.7463942307692307 0.7932692307692307 0.057692307692307696 0.11057692307692307
4 0.7271634615384616 0.6490384615384616 0.054086538461538464 0.11057692307692307
4 0.7019230769230769 0.546875 0.052884615384615384 0.1045673076923077
4 0.6983173076923077 0.42908653846153844 0.04927884615384615 0.10216346153846154
4 0.6802884615384616 0.34134615384615385 0.057692307692307696 0.10336538461538461
4 0.6778846153846154 0.265625 0.04927884615384615 0.10336538461538461
4 0.6550480769230769 0.17307692307692307 0.04807692307692308 0.09975961538461539
4 0.6550480769230769 0.0829326923076923 0.042067307692307696 0.10336538461538461
11 0.16826923076923078 0.3245192307692308 0.06971153846153846 0.1778846153846154
8 0.15144230769230768 0.40625 0.07692307692307693 0.19831730769230768
9 0.16105769230769232 0.24158653846153846 0.06129807692307692 0.12379807692307693
9 0.14903846153846154 0.5456730769230769 0.07932692307692307 0.13942307692307693
7 0.17668269230769232 0.140625 0.06009615384615385 0.14543269230769232
7 0.1310096153846154 0.6670673076923077 0.06971153846153846 0.1466346153846154
12 0.18629807692307693 0.08413461538461539 0.057692307692307696 0.11899038461538461
12 0.12379807692307693 0.8149038461538461 0.078125 0.14182692307692307
10 0.25961538461538464 0.08413461538461539 0.05048076923076923 0.10096153846153846
10 0.2668269230769231 0.16346153846153846 0.04927884615384615 0.10697115384615384
10 0.2536057692307692 0.2512019230769231 0.051682692307692304 0.10576923076923077
10 0.2512019230769231 0.33774038461538464 0.054086538461538464 0.1045673076923077
10 0.25240384615384615 0.4375 0.057692307692307696 0.11177884615384616
10 0.23197115384615385 0.8100961538461539 0.0625 0.11177884615384616
10 0.23677884615384615 0.6694711538461539 0.06009615384615385 0.11899038461538461
10 0.42788461538461536 0.5600961538461539 0.054086538461538464 0.11538461538461539