2 0.765625 0.2704326923076923 0.07572115384615384 0.1971153846153846
5 0.7884615384615384 0.37740384615384615 0.07692307692307693 0.17668269230769232
3 0.8137019230769231 0.5204326923076923 0.07211538461538461 0.1310096153846154
3 0.7632211538461539 0.2127403846153846 0.0673076923076923 0.125
1 0.8221153846153846 0.640625 0.06850961538461539 0.1466346153846154
1 0.7367788461538461 0.11658653846153846 0.052884615384615384 0.14423076923076922
6 0.7211538461538461 0.051682692307692304 0.056490384615384616 0.10336538461538461
6 0.8485576923076923 0.7776442307692307 0.08173076923076923 0.13942307692307693
4 0.7391826923076923 0.7788461538461539 0.06009615384615385 0.1141826923076923
4 0.7175480769230769 0.6310096153846154 0.056490384615384616 0.1141826923076923
4 0.6935096153846154 0.5252403846153846 0.054086538461538464 0.10817307692307693
4 0.6899038461538461 0.4050480769230769 0.05048076923076923 0.1045673076923077
4 0.6706730769230769 0.31490384615384615 0.05889423076923077 0.10576923076923077
4 0.6682692307692307 0.23677884615384615 0.05048076923076923 0.10576923076923077
4 0.6454326923076923 0.14182692307692307 0.04927884615384615 0.10336538461538461
4 0.6442307692307693 0.051682692307692304 0.04447115384615385 0.10216346153846154
11 0.14543269230769232 0.296875 0.07211538461538461 0.18269230769230768
8 0.12740384615384615 0.38100961538461536 0.078125 0.203125
9 0.13701923076923078 0.21153846153846154 0.06370192307692307 0.12740384615384615
9 0.125 0.5240384615384616 0.08173076923076923 0.14302884615384615
7 0.15264423076923078 0.10817307692307693 0.0625 0.14903846153846154
7 0.10576923076923077 0.6490384615384616 0.07211538461538461 0.1502403846153846
12 0.16346153846153846 0.056490384615384616 0.06009615384615385 0.11298076923076923
12 0.09975961538461539 0.8016826923076923 0.08052884615384616 0.14543269230769232
10 0.23918269230769232 0.051682692307692304 0.051682692307692304 0.10336538461538461
10 0.24639423076923078 0.13221153846153846 0.05048076923076923 0.109375
10 0.23197115384615385 0.22235576923076922 0.052884615384615384 0.10817307692307693
10 0.23076923076923078 0.3112980769230769 0.055288461538461536 0.10697115384615384
10 0.23197115384615385 0.41346153846153844 0.05889423076923077 0.11538461538461539
10 0.21033653846153846 0.7956730769230769 0.06370192307692307 0.1141826923076923
10 0.21514423076923078 0.6514423076923077 0.0625 0.12259615384615384
10 0.4110576923076923 0.5384615384615384 0.055288461538461536 0.11899038461538461