2 0.7752403846153846 0.30288461538461536 0.0733173076923077 0.18990384615384615
5 0.796875 0.40625 0.0733173076923077 0.16947115384615385
3 0.8221153846153846 0.5444711538461539 0.06971153846153846 0.12620192307692307
3 0.7728365384615384 0.24759615384615385 0.06490384615384616 0.12139423076923077
1 0.8293269230769231 0.6598557692307693 0.06610576923076923 0.14182692307692307
1 0.7463942307692307 0.15504807692307693 0.05048076923076923 0.13942307692307693
6 0.7319711538461539 0.0829326923076923 0.054086538461538464 0.11658653846153846
6 0.8545673076923077 0.7920673076923077 0.07932692307692307 0.1346153846153846
4 0.7487980769230769 0.7932692307692307 0.057692307692307696 0.109375
4 0.7295673076923077 0.6502403846153846 0.054086538461538464 0.109375
4 0.7055288461538461 0.5492788461538461 0.051682692307692304 0.10336538461538461
4 0.7019230769230769 0.4326923076923077 0.04927884615384615 0.10096153846153846
4 0.6826923076923077 0.34615384615384615 0.056490384615384616 0.10216346153846154
4 0.6814903846153846 0.2704326923076923 0.04807692307692308 0.10216346153846154
4 0.6586538461538461 0.17908653846153846 0.046875 0.09975961538461539
4 0.6574519230769231 0.0889423076923077 0.042067307692307696 0.10216346153846154
11 0.17668269230769232 0.328125 0.06971153846153846 0.17548076923076922
8 0.15985576923076922 0.4098557692307692 0.07572115384615384 0.19591346153846154
9 0.16947115384615385 0.24639423076923078 0.06129807692307692 0.12259615384615384
9 0.15745192307692307 0.5480769230769231 0.07932692307692307 0.13822115384615385
7 0.18509615384615385 0.1466346153846154 0.06009615384615385 0.14423076923076922
7 0.13942307692307693 0.6682692307692307 0.06850961538461539 0.14543269230769232
12 0.19471153846153846 0.09134615384615384 0.056490384615384616 0.11778846153846154
12 0.13341346153846154 0.8149038461538461 0.078125 0.140625
10 0.2668269230769231 0.09014423076923077 0.04927884615384615 0.10096153846153846
10 0.27403846153846156 0.16947115384615385 0.04927884615384615 0.10576923076923077
10 0.2608173076923077 0.25721153846153844 0.051682692307692304 0.1045673076923077
10 0.25961538461538464 0.34134615384615385 0.054086538461538464 0.10336538461538461
10 0.2608173076923077 0.43990384615384615 0.056490384615384616 0.11057692307692307
10 0.23918269230769232 0.8100961538461539 0.0625 0.11057692307692307
10 0.2439903846153846 0.6706730769230769 0.06009615384615385 0.11778846153846154
10 0.4338942307692308 0.5612980769230769 0.054086538461538464 0.1141826923076923