6 0.8509615384615384 0.7836538461538461 0.078125 0.13701923076923078
2 0.7704326923076923 0.29927884615384615 0.07572115384615384 0.20552884615384615
6 0.734375 0.08413461538461539 0.055288461538461536 0.12259615384615384
5 0.5192307692307693 0.42427884615384615 0.06009615384615385 0.1778846153846154
3 0.6370192307692307 0.6574519230769231 0.06370192307692307 0.1502403846153846
3 0.5973557692307693 0.33533653846153844 0.055288461538461536 0.13822115384615385
4 0.7451923076923077 0.7860576923076923 0.057692307692307696 0.11899038461538461
4 0.6069711538461539 0.5396634615384616 0.051682692307692304 0.10576923076923077
4 0.5432692307692307 0.6682692307692307 0.052884615384615384 0.11057692307692307
4 0.6862980769230769 0.34615384615384615 0.05048076923076923 0.10697115384615384
4 0.5144230769230769 0.2644230769230769 0.052884615384615384 0.10817307692307693
4 0.5769230769230769 0.17307692307692307 0.051682692307692304 0.10576923076923077
1 0.6526442307692307 0.078125 0.052884615384615384 0.13822115384615385
1 0.3581730769230769 0.5444711538461539 0.057692307692307696 0.14543269230769232
7 0.18269230769230768 0.1502403846153846 0.06129807692307692 0.140625
12 0.19591346153846154 0.0889423076923077 0.051682692307692304 0.11899038461538461
8 0.15985576923076922 0.4050480769230769 0.07572115384615384 0.19831730769230768
11 0.34375 0.14543269230769232 0.0625 0.17908653846153846
9 0.34975961538461536 0.33052884615384615 0.06129807692307692 0.1346153846153846
9 0.16105769230769232 0.546875 0.07451923076923077 0.13581730769230768
7 0.14182692307692307 0.6622596153846154 0.06971153846153846 0.14543269230769232
10 0.24879807692307693 0.671875 0.055288461538461536 0.1141826923076923
10 0.25841346153846156 0.43990384615384615 0.0625 0.109375
10 0.25721153846153844 0.3389423076923077 0.05048076923076923 0.11177884615384616
10 0.27163461538461536 0.17067307692307693 0.052884615384615384 0.109375
10 0.41225961538461536 0.08413461538461539 0.04927884615384615 0.10697115384615384
10 0.41947115384615385 0.24519230769230768 0.05048076923076923 0.10576923076923077