6 0.8473557692307693 0.7872596153846154 0.07932692307692307 0.13942307692307693
2 0.7668269230769231 0.29447115384615385 0.07692307692307693 0.20793269230769232
6 0.7295673076923077 0.07692307692307693 0.056490384615384616 0.12379807692307693
5 0.5108173076923077 0.4206730769230769 0.06129807692307692 0.18028846153846154
3 0.6310096153846154 0.6586538461538461 0.06490384615384616 0.15264423076923078
3 0.5901442307692307 0.3317307692307692 0.056490384615384616 0.140625
4 0.7403846153846154 0.7884615384615384 0.057692307692307696 0.1201923076923077
4 0.6009615384615384 0.5384615384615384 0.052884615384615384 0.10697115384615384
4 0.5348557692307693 0.6694711538461539 0.054086538461538464 0.11177884615384616
4 0.6802884615384616 0.3425480769230769 0.05048076923076923 0.109375
4 0.5060096153846154 0.25961538461538464 0.054086538461538464 0.109375
4 0.5697115384615384 0.16706730769230768 0.052884615384615384 0.10697115384615384
1 0.6466346153846154 0.07091346153846154 0.054086538461538464 0.140625
1 0.3473557692307692 0.5432692307692307 0.05889423076923077 0.14783653846153846
7 0.16947115384615385 0.14302884615384615 0.06129807692307692 0.14302884615384615
12 0.18269230769230768 0.08173076923076923 0.052884615384615384 0.1201923076923077
8 0.1466346153846154 0.4026442307692308 0.07692307692307693 0.20072115384615385
11 0.3329326923076923 0.13942307692307693 0.06370192307692307 0.18269230769230768
9 0.3389423076923077 0.3269230769230769 0.06129807692307692 0.13581730769230768
9 0.1466346153846154 0.5456730769230769 0.07572115384615384 0.13701923076923078
7 0.12740384615384615 0.6634615384615384 0.07091346153846154 0.14783653846153846
10 0.23677884615384615 0.6730769230769231 0.056490384615384616 0.11538461538461539
10 0.24519230769230768 0.4375 0.06370192307692307 0.11057692307692307
10 0.24519230769230768 0.33533653846153844 0.051682692307692304 0.11298076923076923
10 0.25961538461538464 0.16466346153846154 0.054086538461538464 0.11177884615384616
10 0.4026442307692308 0.07692307692307693 0.05048076923076923 0.109375
10 0.4098557692307692 0.2403846153846154 0.051682692307692304 0.10697115384615384