6 0.8762019230769231 0.7944711538461539 0.08173076923076923 0.14302884615384615
2 0.7932692307692307 0.28846153846153844 0.078125 0.21394230769230768
6 0.7560096153846154 0.06490384615384616 0.057692307692307696 0.12740384615384615
5 0.5300480769230769 0.4182692307692308 0.0625 0.18509615384615385
3 0.6538461538461539 0.6622596153846154 0.06610576923076923 0.15625
3 0.6117788461538461 0.32572115384615385 0.057692307692307696 0.14423076923076922
4 0.765625 0.7956730769230769 0.06009615384615385 0.12379807692307693
4 0.6225961538461539 0.5396634615384616 0.054086538461538464 0.109375
4 0.5552884615384616 0.6730769230769231 0.055288461538461536 0.11538461538461539
4 0.7043269230769231 0.33774038461538464 0.052884615384615384 0.11177884615384616
4 0.5252403846153846 0.25240384615384615 0.055288461538461536 0.11298076923076923
4 0.5901442307692307 0.15745192307692307 0.054086538461538464 0.11057692307692307
1 0.6706730769230769 0.06610576923076923 0.057692307692307696 0.13221153846153846
1 0.36177884615384615 0.5444711538461539 0.06009615384615385 0.15144230769230768
7 0.18028846153846154 0.13341346153846154 0.06370192307692307 0.1466346153846154
12 0.1935096153846154 0.06971153846153846 0.054086538461538464 0.12379807692307693
8 0.15625 0.39903846153846156 0.078125 0.20673076923076922
11 0.3473557692307692 0.12860576923076922 0.06490384615384616 0.1875
9 0.35336538461538464 0.32211538461538464 0.06370192307692307 0.13942307692307693
9 0.15625 0.546875 0.07692307692307693 0.14182692307692307
7 0.13701923076923078 0.6682692307692307 0.0733173076923077 0.15144230769230768
10 0.24879807692307693 0.6766826923076923 0.057692307692307696 0.11899038461538461
10 0.25841346153846156 0.43509615384615385 0.06610576923076923 0.1141826923076923
10 0.25721153846153844 0.33052884615384615 0.052884615384615384 0.11538461538461539
10 0.27283653846153844 0.15504807692307693 0.055288461538461536 0.1141826923076923
10 0.41947115384615385 0.06490384615384616 0.051682692307692304 0.11177884615384616
10 0.4266826923076923 0.23197115384615385 0.052884615384615384 0.109375