12 0.65625 0.7776442307692307 0.07451923076923077 0.1466346153846154
6 0.8641826923076923 0.7800480769230769 0.078125 0.14182692307692307
2 0.7391826923076923 0.6322115384615384 0.08533653846153846 0.21754807692307693
5 0.6033653846153846 0.3076923076923077 0.07211538461538461 0.18389423076923078
4 0.6899038461538461 0.23317307692307693 0.04927884615384615 0.109375
4 0.6298076923076923 0.5396634615384616 0.056490384615384616 0.1201923076923077
4 0.5168269230769231 0.31850961538461536 0.051682692307692304 0.10697115384615384
6 0.2608173076923077 0.5324519230769231 0.06610576923076923 0.14783653846153846
8 0.35216346153846156 0.3942307692307692 0.078125 0.203125
12 0.16466346153846154 0.23076923076923078 0.06971153846153846 0.13221153846153846
10 0.43028846153846156 0.32091346153846156 0.051682692307692304 0.11298076923076923
10 0.3545673076923077 0.15985576923076922 0.05048076923076923 0.11298076923076923
10 0.26322115384615385 0.05889423076923077 0.051682692307692304 0.10817307692307693
10 0.24879807692307693 0.6670673076923077 0.0625 0.1141826923076923