12 0.6490384615384616 0.7788461538461539 0.07091346153846154 0.14182692307692307
6 0.8485576923076923 0.78125 0.07451923076923077 0.13701923076923078
2 0.7283653846153846 0.6382211538461539 0.0829326923076923 0.21033653846153846
5 0.5973557692307693 0.32572115384615385 0.06971153846153846 0.1778846153846154
4 0.6802884615384616 0.2548076923076923 0.04807692307692308 0.10576923076923077
4 0.6225961538461539 0.5504807692307693 0.055288461538461536 0.11538461538461539
4 0.5144230769230769 0.33653846153846156 0.04927884615384615 0.10336538461538461
6 0.2668269230769231 0.5420673076923077 0.06370192307692307 0.14302884615384615
8 0.3545673076923077 0.4098557692307692 0.07572115384615384 0.19591346153846154
12 0.17548076923076922 0.2512019230769231 0.0673076923076923 0.12740384615384615
10 0.43149038461538464 0.3389423076923077 0.05048076923076923 0.109375
10 0.3581730769230769 0.18269230769230768 0.04927884615384615 0.109375
10 0.2692307692307692 0.08533653846153846 0.04927884615384615 0.1045673076923077
10 0.25600961538461536 0.671875 0.06009615384615385 0.109375