12 0.6418269230769231 0.7896634615384616 0.07451923076923077 0.14783653846153846
6 0.8509615384615384 0.7920673076923077 0.078125 0.14302884615384615
2 0.7247596153846154 0.6430288461538461 0.08653846153846154 0.21875
5 0.5877403846153846 0.3173076923076923 0.0733173076923077 0.18509615384615385
4 0.6754807692307693 0.24278846153846154 0.04927884615384615 0.11057692307692307
4 0.6153846153846154 0.5504807692307693 0.057692307692307696 0.1201923076923077
4 0.5024038461538461 0.328125 0.051682692307692304 0.10817307692307693
6 0.2439903846153846 0.5432692307692307 0.06610576923076923 0.14903846153846154
8 0.33533653846153844 0.40384615384615385 0.07932692307692307 0.203125
12 0.14783653846153846 0.23918269230769232 0.06971153846153846 0.13221153846153846
10 0.41466346153846156 0.33052884615384615 0.052884615384615384 0.1141826923076923
10 0.3389423076923077 0.16826923076923078 0.05048076923076923 0.1141826923076923
10 0.24639423076923078 0.0673076923076923 0.051682692307692304 0.109375
10 0.23197115384615385 0.6778846153846154 0.0625 0.1141826923076923