6 0.5829326923076923 0.05889423076923077 0.055288461538461536 0.11778846153846154
6 0.8461538461538461 0.7451923076923077 0.07692307692307693 0.14423076923076922
2 0.7932692307692307 0.36658653846153844 0.08173076923076923 0.20673076923076922
5 0.59375 0.2848557692307692 0.07211538461538461 0.1778846153846154
4 0.6634615384615384 0.13221153846153846 0.046875 0.1045673076923077
4 0.6754807692307693 0.21875 0.04807692307692308 0.11177884615384616
4 0.6983173076923077 0.39783653846153844 0.055288461538461536 0.11658653846153846
4 0.6189903846153846 0.5072115384615384 0.051682692307692304 0.11177884615384616
4 0.5108173076923077 0.296875 0.055288461538461536 0.11177884615384616
4 0.5108173076923077 0.051682692307692304 0.04807692307692308 0.10336538461538461
3 0.5865384615384616 0.12259615384615384 0.05048076923076923 0.13822115384615385
3 0.42788461538461536 0.39302884615384615 0.07211538461538461 0.14423076923076922
11 0.3485576923076923 0.28966346153846156 0.0733173076923077 0.17668269230769232
12 0.18990384615384615 0.05048076923076923 0.0625 0.10096153846153846
12 0.23918269230769232 0.7560096153846154 0.07211538461538461 0.14182692307692307
8 0.14783653846153846 0.359375 0.08173076923076923 0.203125
7 0.1346153846153846 0.4879807692307692 0.078125 0.14302884615384615
9 0.3545673076923077 0.18629807692307693 0.0625 0.140625
9 0.14543269230769232 0.6117788461538461 0.08052884615384616 0.14903846153846154
10 0.4266826923076923 0.2932692307692308 0.051682692307692304 0.109375
10 0.2692307692307692 0.04807692307692308 0.04807692307692308 0.09495192307692307
10 0.2704326923076923 0.20673076923076922 0.05048076923076923 0.11298076923076923
10 0.24639423076923078 0.6201923076923077 0.06129807692307692 0.125
10 0.43509615384615385 0.7451923076923077 0.06370192307692307 0.12259615384615384