6 0.5841346153846154 0.06490384615384616 0.054086538461538464 0.12379807692307693
6 0.8401442307692307 0.7367788461538461 0.07451923076923077 0.13942307692307693
2 0.7896634615384616 0.36899038461538464 0.07932692307692307 0.19951923076923078
5 0.5949519230769231 0.28966346153846156 0.06971153846153846 0.17307692307692307
4 0.6622596153846154 0.14182692307692307 0.04447115384615385 0.10216346153846154
4 0.6742788461538461 0.22596153846153846 0.04567307692307692 0.10817307692307693
4 0.6971153846153846 0.39903846153846156 0.052884615384615384 0.11298076923076923
4 0.6189903846153846 0.5048076923076923 0.05048076923076923 0.10817307692307693
4 0.5144230769230769 0.3004807692307692 0.054086538461538464 0.10817307692307693
4 0.515625 0.0625 0.04567307692307692 0.10096153846153846
3 0.5889423076923077 0.1310096153846154 0.04927884615384615 0.1346153846153846
3 0.43509615384615385 0.3942307692307692 0.06971153846153846 0.140625
11 0.35697115384615385 0.29447115384615385 0.07091346153846154 0.17067307692307693
12 0.203125 0.055288461538461536 0.05889423076923077 0.109375
12 0.2512019230769231 0.7451923076923077 0.07091346153846154 0.13701923076923078
8 0.1622596153846154 0.36177884615384615 0.07932692307692307 0.1971153846153846
7 0.1502403846153846 0.48677884615384615 0.07572115384615384 0.13822115384615385
9 0.3629807692307692 0.1935096153846154 0.06129807692307692 0.13701923076923078
9 0.15985576923076922 0.6069711538461539 0.078125 0.14423076923076922
10 0.4326923076923077 0.296875 0.05048076923076923 0.10697115384615384
10 0.2800480769230769 0.052884615384615384 0.04567307692307692 0.10336538461538461
10 0.2824519230769231 0.21394230769230768 0.04927884615384615 0.109375
10 0.25961538461538464 0.6141826923076923 0.05889423076923077 0.12139423076923077
10 0.4423076923076923 0.7355769230769231 0.06129807692307692 0.11899038461538461