6 0.5721153846153846 0.055288461538461536 0.056490384615384616 0.11057692307692307
6 0.8401442307692307 0.7487980769230769 0.078125 0.1466346153846154
2 0.7872596153846154 0.3641826923076923 0.0829326923076923 0.2091346153846154
5 0.5829326923076923 0.28125 0.0733173076923077 0.1814903846153846
4 0.6538461538461539 0.12620192307692307 0.046875 0.10697115384615384
4 0.6658653846153846 0.21394230769230768 0.04807692307692308 0.11298076923076923
4 0.6899038461538461 0.3954326923076923 0.055288461538461536 0.11899038461538461
4 0.6081730769230769 0.5060096153846154 0.052884615384615384 0.1141826923076923
4 0.4987980769230769 0.2920673076923077 0.056490384615384616 0.11298076923076923
4 0.5 0.04807692307692308 0.04927884615384615 0.09615384615384616
3 0.5757211538461539 0.11538461538461539 0.051682692307692304 0.140625
3 0.41466346153846156 0.3894230769230769 0.0733173076923077 0.1466346153846154
11 0.33413461538461536 0.2860576923076923 0.07451923076923077 0.17908653846153846
12 0.171875 0.046875 0.06490384615384616 0.09375
12 0.22235576923076922 0.7584134615384616 0.0733173076923077 0.14423076923076922
8 0.12980769230769232 0.3557692307692308 0.0829326923076923 0.20673076923076922
7 0.11658653846153846 0.48677884615384615 0.07932692307692307 0.14543269230769232
9 0.3401442307692308 0.18028846153846154 0.06370192307692307 0.14302884615384615
9 0.12740384615384615 0.6129807692307693 0.08173076923076923 0.15144230769230768
10 0.41346153846153844 0.28846153846153844 0.052884615384615384 0.11177884615384616
10 0.2536057692307692 0.04447115384615385 0.05048076923076923 0.0889423076923077
10 0.2548076923076923 0.20072115384615385 0.051682692307692304 0.11538461538461539
10 0.23076923076923078 0.6213942307692307 0.0625 0.12740384615384615
10 0.421875 0.7487980769230769 0.06490384615384616 0.12379807692307693