2 0.7764423076923077 0.30288461538461536 0.08533653846153846 0.20072115384615385
6 0.25721153846153844 0.05889423076923077 0.05889423076923077 0.11658653846153846
8 0.15144230769230768 0.2956730769230769 0.08173076923076923 0.21394230769230768
12 0.43028846153846156 0.3317307692307692 0.051682692307692304 0.12860576923076922
7 0.4338942307692308 0.4254807692307692 0.0625 0.14543269230769232
10 0.3449519230769231 0.5576923076923077 0.05889423076923077 0.11298076923076923
10 0.2608173076923077 0.15384615384615385 0.051682692307692304 0.11298076923076923
10 0.24759615384615385 0.328125 0.055288461538461536 0.1141826923076923
4 0.33774038461538464 0.43509615384615385 0.055288461538461536 0.11057692307692307
4 0.5865384615384616 0.33413461538461536 0.046875 0.11177884615384616
4 0.5372596153846154 0.6646634615384616 0.054086538461538464 0.11899038461538461