2 0.7776442307692307 0.3088942307692308 0.08413461538461539 0.1971153846153846
6 0.2692307692307692 0.06490384615384616 0.057692307692307696 0.12139423076923077
8 0.1658653846153846 0.30288461538461536 0.08052884615384616 0.21033653846153846
12 0.4387019230769231 0.33774038461538464 0.05048076923076923 0.12620192307692307
7 0.4423076923076923 0.42908653846153844 0.06129807692307692 0.14182692307692307
10 0.3557692307692308 0.5588942307692307 0.057692307692307696 0.11177884615384616
10 0.27283653846153844 0.16346153846153846 0.05048076923076923 0.11057692307692307
10 0.25961538461538464 0.33413461538461536 0.054086538461538464 0.11298076923076923
4 0.3473557692307692 0.43990384615384615 0.054086538461538464 0.10817307692307693
4 0.5913461538461539 0.3389423076923077 0.04567307692307692 0.109375
4 0.5432692307692307 0.6634615384615384 0.052884615384615384 0.11658653846153846