2 0.7956730769230769 0.30528846153846156 0.08653846153846154 0.203125
6 0.27163461538461536 0.05889423076923077 0.05889423076923077 0.11778846153846154
8 0.16466346153846154 0.29927884615384615 0.0829326923076923 0.21634615384615385
12 0.44591346153846156 0.33533653846153844 0.051682692307692304 0.12980769230769232
7 0.4495192307692308 0.43028846153846156 0.06370192307692307 0.1466346153846154
10 0.359375 0.5637019230769231 0.05889423076923077 0.1141826923076923
10 0.27524038461538464 0.15625 0.051682692307692304 0.1141826923076923
10 0.2608173076923077 0.3317307692307692 0.055288461538461536 0.11658653846153846
4 0.35216346153846156 0.43990384615384615 0.055288461538461536 0.11177884615384616
4 0.6033653846153846 0.33774038461538464 0.046875 0.11298076923076923
4 0.5540865384615384 0.671875 0.054086538461538464 0.1201923076923077