5 0.5841346153846154 0.28846153846153844 0.07572115384615384 0.17668269230769232
2 0.78125 0.3641826923076923 0.09014423076923077 0.20673076923076922
6 0.8341346153846154 0.7295673076923077 0.078125 0.15745192307692307
6 0.5721153846153846 0.051682692307692304 0.055288461538461536 0.10336538461538461
3 0.578125 0.1201923076923077 0.06490384615384616 0.1346153846153846
3 0.4254807692307692 0.3870192307692308 0.06850961538461539 0.14543269230769232
4 0.65625 0.13221153846153846 0.046875 0.1045673076923077
4 0.6670673076923077 0.21875 0.04807692307692308 0.109375
4 0.6911057692307693 0.39663461538461536 0.051682692307692304 0.12259615384615384
4 0.6141826923076923 0.5012019230769231 0.057692307692307696 0.1141826923076923
4 0.5012019230769231 0.2920673076923077 0.052884615384615384 0.10817307692307693
4 0.5060096153846154 0.052884615384615384 0.051682692307692304 0.10576923076923077
11 0.3425480769230769 0.2860576923076923 0.07572115384615384 0.17548076923076922
7 0.23557692307692307 0.3737980769230769 0.0673076923076923 0.15625
12 0.3449519230769231 0.1778846153846154 0.06129807692307692 0.14182692307692307
12 0.13942307692307693 0.6021634615384616 0.078125 0.15865384615384615
8 0.14302884615384615 0.3605769230769231 0.0829326923076923 0.21153846153846154
12 0.18028846153846154 0.04807692307692308 0.0673076923076923 0.09495192307692307
12 0.2283653846153846 0.7463942307692307 0.07932692307692307 0.1466346153846154
10 0.2608173076923077 0.046875 0.051682692307692304 0.09375
10 0.2403846153846154 0.6165865384615384 0.05889423076923077 0.1201923076923077
10 0.2668269230769231 0.20793269230769232 0.057692307692307696 0.11658653846153846
10 0.4182692307692308 0.2932692307692308 0.052884615384615384 0.11057692307692307
10 0.43028846153846156 0.7415865384615384 0.05889423076923077 0.12620192307692307