5 0.5949519230769231 0.2764423076923077 0.07572115384615384 0.1778846153846154
2 0.7932692307692307 0.35096153846153844 0.09134615384615384 0.20793269230769232
6 0.8461538461538461 0.7199519230769231 0.07932692307692307 0.15865384615384615
6 0.5841346153846154 0.04567307692307692 0.057692307692307696 0.09134615384615384
3 0.5889423076923077 0.10697115384615384 0.06490384615384616 0.1346153846153846
3 0.43509615384615385 0.375 0.06971153846153846 0.1466346153846154
4 0.6682692307692307 0.11899038461538461 0.04807692307692308 0.1045673076923077
4 0.6790865384615384 0.20552884615384615 0.04807692307692308 0.109375
4 0.7019230769230769 0.38461538461538464 0.051682692307692304 0.12259615384615384
4 0.625 0.4891826923076923 0.05889423076923077 0.11538461538461539
4 0.5120192307692307 0.2800480769230769 0.052884615384615384 0.109375
4 0.5168269230769231 0.046875 0.052884615384615384 0.09375
11 0.35216346153846156 0.27283653846153844 0.07572115384615384 0.17668269230769232
7 0.2439903846153846 0.36177884615384615 0.06850961538461539 0.15625
12 0.3545673076923077 0.16466346153846154 0.0625 0.14302884615384615
12 0.14783653846153846 0.5913461538461539 0.07932692307692307 0.15985576923076922
8 0.15144230769230768 0.3485576923076923 0.0829326923076923 0.2127403846153846
12 0.18870192307692307 0.040865384615384616 0.0673076923076923 0.08173076923076923
12 0.23677884615384615 0.7355769230769231 0.07932692307692307 0.14783653846153846
10 0.2692307692307692 0.040865384615384616 0.052884615384615384 0.08173076923076923
10 0.25 0.6045673076923077 0.05889423076923077 0.1201923076923077
10 0.2764423076923077 0.19471153846153846 0.05889423076923077 0.11778846153846154
10 0.42788461538461536 0.2800480769230769 0.052884615384615384 0.11177884615384616
10 0.43990384615384615 0.7319711538461539 0.05889423076923077 0.12740384615384615