5 0.5949519230769231 0.2824519230769231 0.07451923076923077 0.17548076923076922
2 0.7908653846153846 0.35697115384615385 0.09014423076923077 0.20552884615384615
6 0.84375 0.7211538461538461 0.078125 0.15745192307692307
6 0.5841346153846154 0.04927884615384615 0.057692307692307696 0.0985576923076923
3 0.5889423076923077 0.1141826923076923 0.06490384615384616 0.13341346153846154
3 0.4362980769230769 0.3786057692307692 0.06850961538461539 0.14543269230769232
4 0.6670673076923077 0.12620192307692307 0.046875 0.1045673076923077
4 0.6778846153846154 0.21153846153846154 0.04807692307692308 0.10817307692307693
4 0.7007211538461539 0.3894230769230769 0.051682692307692304 0.12139423076923077
4 0.625 0.49278846153846156 0.057692307692307696 0.1141826923076923
4 0.5132211538461539 0.2860576923076923 0.052884615384615384 0.10817307692307693
4 0.5168269230769231 0.05048076923076923 0.051682692307692304 0.09975961538461539
11 0.3545673076923077 0.27884615384615385 0.07572115384615384 0.17427884615384615
7 0.24759615384615385 0.36658653846153844 0.0673076923076923 0.15504807692307693
12 0.35697115384615385 0.171875 0.06129807692307692 0.140625
12 0.15264423076923078 0.59375 0.078125 0.15745192307692307
8 0.15625 0.35336538461538464 0.08173076923076923 0.21033653846153846
12 0.1935096153846154 0.04447115384615385 0.0673076923076923 0.0889423076923077
12 0.24158653846153846 0.7367788461538461 0.078125 0.1466346153846154
10 0.27283653846153844 0.04447115384615385 0.051682692307692304 0.08774038461538461
10 0.2536057692307692 0.6069711538461539 0.05889423076923077 0.11899038461538461
10 0.27884615384615385 0.20072115384615385 0.057692307692307696 0.11658653846153846
10 0.43028846153846156 0.2860576923076923 0.052884615384615384 0.11057692307692307
10 0.4411057692307692 0.7319711538461539 0.05889423076923077 0.125