5 0.6045673076923077 0.28365384615384615 0.07211538461538461 0.18389423076923078
2 0.8197115384615384 0.48197115384615385 0.08653846153846154 0.21394230769230768
6 0.8521634615384616 0.7403846153846154 0.08413461538461539 0.15264423076923078
4 0.7055288461538461 0.4014423076923077 0.051682692307692304 0.11658653846153846
4 0.6838942307692307 0.21754807692307693 0.055288461538461536 0.10336538461538461
4 0.6706730769230769 0.13221153846153846 0.04927884615384615 0.10336538461538461
4 0.5228365384615384 0.051682692307692304 0.046875 0.10216346153846154
4 0.5180288461538461 0.2956730769230769 0.052884615384615384 0.11778846153846154
4 0.6310096153846154 0.5048076923076923 0.06129807692307692 0.12259615384615384
3 0.4411057692307692 0.390625 0.06610576923076923 0.14302884615384615
12 0.19831730769230768 0.04927884615384615 0.06370192307692307 0.09735576923076923
12 0.24879807692307693 0.7536057692307693 0.06850961538461539 0.14302884615384615
8 0.2608173076923077 0.36538461538461536 0.078125 0.20673076923076922
9 0.5108173076923077 0.125 0.056490384615384616 0.14903846153846154
9 0.15625 0.6069711538461539 0.07932692307692307 0.14903846153846154
7 0.4411057692307692 0.6069711538461539 0.06370192307692307 0.14423076923076922
11 0.3605769230769231 0.28365384615384615 0.06490384615384616 0.18509615384615385
10 0.43509615384615385 0.2956730769230769 0.051682692307692304 0.10817307692307693
10 0.27884615384615385 0.04927884615384615 0.057692307692307696 0.0985576923076923
10 0.2800480769230769 0.20673076923076922 0.051682692307692304 0.109375
10 0.2536057692307692 0.6213942307692307 0.06129807692307692 0.11899038461538461
10 0.44711538461538464 0.7475961538461539 0.06490384615384616 0.1201923076923077