5 0.5997596153846154 0.2860576923076923 0.0733173076923077 0.18509615384615385
2 0.8161057692307693 0.4855769230769231 0.08774038461538461 0.21514423076923078
6 0.8485576923076923 0.7451923076923077 0.08413461538461539 0.15384615384615385
4 0.7019230769230769 0.4050480769230769 0.052884615384615384 0.11658653846153846
4 0.6802884615384616 0.21995192307692307 0.055288461538461536 0.10336538461538461
4 0.6670673076923077 0.13341346153846154 0.04927884615384615 0.1045673076923077
4 0.5192307692307693 0.052884615384615384 0.046875 0.10216346153846154
4 0.5132211538461539 0.296875 0.052884615384615384 0.11899038461538461
4 0.6262019230769231 0.5084134615384616 0.06129807692307692 0.12379807692307693
3 0.43509615384615385 0.39302884615384615 0.06610576923076923 0.14302884615384615
12 0.19230769230769232 0.04927884615384615 0.06370192307692307 0.0985576923076923
12 0.24278846153846154 0.7584134615384616 0.06850961538461539 0.14302884615384615
8 0.2548076923076923 0.36778846153846156 0.078125 0.20793269230769232
9 0.5060096153846154 0.12620192307692307 0.056490384615384616 0.14903846153846154
9 0.14903846153846154 0.6117788461538461 0.07932692307692307 0.1502403846153846
7 0.4362980769230769 0.6117788461538461 0.06370192307692307 0.14423076923076922
11 0.3545673076923077 0.2860576923076923 0.06610576923076923 0.18509615384615385
10 0.43028846153846156 0.2980769230769231 0.052884615384615384 0.10817307692307693
10 0.27283653846153844 0.04927884615384615 0.056490384615384616 0.0985576923076923
10 0.27524038461538464 0.2091346153846154 0.052884615384615384 0.11057692307692307
10 0.24759615384615385 0.625 0.06129807692307692 0.11899038461538461
10 0.4423076923076923 0.7524038461538461 0.06490384615384616 0.1201923076923077