5 0.5889423076923077 0.2620192307692308 0.0733173076923077 0.18509615384615385
2 0.8064903846153846 0.46153846153846156 0.08774038461538461 0.21514423076923078
6 0.8389423076923077 0.7211538461538461 0.08413461538461539 0.15384615384615385
4 0.6923076923076923 0.38100961538461536 0.052884615384615384 0.11658653846153846
4 0.6694711538461539 0.19591346153846154 0.055288461538461536 0.10336538461538461
4 0.65625 0.109375 0.04927884615384615 0.1045673076923077
4 0.5084134615384616 0.040865384615384616 0.05048076923076923 0.08173076923076923
4 0.5036057692307693 0.27403846153846156 0.052884615384615384 0.11899038461538461
4 0.6165865384615384 0.484375 0.06129807692307692 0.12379807692307693
3 0.4254807692307692 0.36899038461538464 0.06610576923076923 0.14302884615384615
12 0.1814903846153846 0.037259615384615384 0.06370192307692307 0.07451923076923077
12 0.23197115384615385 0.734375 0.06850961538461539 0.14302884615384615
8 0.2439903846153846 0.34375 0.078125 0.20793269230769232
9 0.4963942307692308 0.10216346153846154 0.056490384615384616 0.14903846153846154
9 0.13942307692307693 0.5877403846153846 0.07932692307692307 0.1502403846153846
7 0.4254807692307692 0.5877403846153846 0.06370192307692307 0.14423076923076922
11 0.34375 0.2620192307692308 0.06610576923076923 0.18509615384615385
10 0.41947115384615385 0.27403846153846156 0.052884615384615384 0.10817307692307693
10 0.26322115384615385 0.037259615384615384 0.056490384615384616 0.07451923076923077
10 0.2644230769230769 0.18509615384615385 0.052884615384615384 0.11057692307692307
10 0.23798076923076922 0.6009615384615384 0.06129807692307692 0.11899038461538461
10 0.43149038461538464 0.7283653846153846 0.06490384615384616 0.1201923076923077