5 0.7860576923076923 0.28966346153846156 0.07091346153846154 0.15865384615384615
2 0.7944711538461539 0.3641826923076923 0.07932692307692307 0.19230769230769232
1 0.7668269230769231 0.20432692307692307 0.055288461538461536 0.12860576923076922
1 0.8076923076923077 0.4963942307692308 0.0625 0.13581730769230768
3 0.7487980769230769 0.12379807692307693 0.05889423076923077 0.11778846153846154
3 0.8317307692307693 0.6129807692307693 0.07692307692307693 0.12740384615384615
6 0.7439903846153846 0.051682692307692304 0.051682692307692304 0.10336538461538461
6 0.8485576923076923 0.7463942307692307 0.07451923076923077 0.1310096153846154
4 0.6574519230769231 0.04927884615384615 0.04567307692307692 0.0985576923076923
4 0.6634615384615384 0.12980769230769232 0.042067307692307696 0.09975961538461539
4 0.6766826923076923 0.21634615384615385 0.04326923076923077 0.09975961538461539
4 0.6862980769230769 0.3016826923076923 0.04447115384615385 0.10216346153846154
4 0.6983173076923077 0.40024038461538464 0.051682692307692304 0.09735576923076923
4 0.7127403846153846 0.5072115384615384 0.04807692307692308 0.109375
4 0.7271634615384616 0.6201923076923077 0.051682692307692304 0.10697115384615384
4 0.7403846153846154 0.7451923076923077 0.056490384615384616 0.10576923076923077
11 0.16947115384615385 0.2692307692307692 0.06610576923076923 0.17548076923076922
8 0.15384615384615385 0.359375 0.07091346153846154 0.19591346153846154
7 0.140625 0.49038461538461536 0.05889423076923077 0.140625
7 0.17307692307692307 0.19471153846153846 0.054086538461538464 0.1346153846153846
9 0.1814903846153846 0.1141826923076923 0.056490384615384616 0.12259615384615384
9 0.13581730769230768 0.6274038461538461 0.07091346153846154 0.1346153846153846
10 0.23798076923076922 0.75 0.05889423076923077 0.10817307692307693
10 0.24519230769230768 0.6213942307692307 0.06490384615384616 0.10697115384615384
10 0.24879807692307693 0.515625 0.054086538461538464 0.10216346153846154
10 0.2608173076923077 0.40865384615384615 0.051682692307692304 0.1045673076923077
10 0.2620192307692308 0.30408653846153844 0.054086538461538464 0.10216346153846154
10 0.2704326923076923 0.21514423076923078 0.04447115384615385 0.09735576923076923
10 0.2704326923076923 0.12620192307692307 0.046875 0.09254807692307693
10 0.27163461538461536 0.04807692307692308 0.046875 0.09615384615384616
12 0.19110576923076922 0.04567307692307692 0.05048076923076923 0.09134615384615384
12 0.12139423076923077 0.7536057692307693 0.07091346153846154 0.14543269230769232