5 0.7872596153846154 0.2956730769230769 0.06850961538461539 0.15384615384615385
2 0.7956730769230769 0.36899038461538464 0.07692307692307693 0.18629807692307693
1 0.7680288461538461 0.2127403846153846 0.054086538461538464 0.125
1 0.8076923076923077 0.4963942307692308 0.06009615384615385 0.13221153846153846
3 0.7512019230769231 0.1346153846153846 0.057692307692307696 0.1141826923076923
3 0.8317307692307693 0.609375 0.07451923076923077 0.12259615384615384
6 0.7463942307692307 0.06370192307692307 0.04927884615384615 0.10216346153846154
6 0.8473557692307693 0.7379807692307693 0.07211538461538461 0.12740384615384615
4 0.6622596153846154 0.06129807692307692 0.042067307692307696 0.09375
4 0.6682692307692307 0.140625 0.040865384615384616 0.09615384615384616
4 0.6802884615384616 0.2247596153846154 0.042067307692307696 0.09615384615384616
4 0.6911057692307693 0.3076923076923077 0.04326923076923077 0.09975961538461539
4 0.7019230769230769 0.40384615384615385 0.04927884615384615 0.09495192307692307
4 0.7151442307692307 0.5072115384615384 0.046875 0.10697115384615384
4 0.7295673076923077 0.6165865384615384 0.05048076923076923 0.10336538461538461
4 0.7427884615384616 0.7379807692307693 0.054086538461538464 0.10216346153846154
11 0.18990384615384615 0.2764423076923077 0.06370192307692307 0.17067307692307693
8 0.17427884615384615 0.3629807692307692 0.06850961538461539 0.18990384615384615
7 0.16105769230769232 0.49038461538461536 0.057692307692307696 0.13701923076923078
7 0.1935096153846154 0.203125 0.051682692307692304 0.1310096153846154
9 0.20072115384615385 0.12620192307692307 0.054086538461538464 0.11899038461538461
9 0.15625 0.6237980769230769 0.06850961538461539 0.1310096153846154
10 0.2548076923076923 0.7415865384615384 0.057692307692307696 0.10576923076923077
10 0.2620192307692308 0.6177884615384616 0.0625 0.10336538461538461
10 0.265625 0.515625 0.052884615384615384 0.0985576923076923
10 0.2776442307692308 0.4110576923076923 0.05048076923076923 0.10216346153846154
10 0.27884615384615385 0.31009615384615385 0.052884615384615384 0.0985576923076923
10 0.28725961538461536 0.2247596153846154 0.04326923076923077 0.09495192307692307
10 0.28725961538461536 0.13701923076923078 0.04567307692307692 0.0889423076923077
10 0.28725961538461536 0.057692307692307696 0.04447115384615385 0.0985576923076923
12 0.21033653846153846 0.051682692307692304 0.04807692307692308 0.10336538461538461
12 0.14302884615384615 0.7463942307692307 0.06850961538461539 0.14182692307692307