5 0.7992788461538461 0.2824519230769231 0.07091346153846154 0.15745192307692307
2 0.8076923076923077 0.3557692307692308 0.078125 0.19110576923076922
1 0.7800480769230769 0.1971153846153846 0.055288461538461536 0.12740384615384615
1 0.8209134615384616 0.48677884615384615 0.06129807692307692 0.1346153846153846
3 0.7632211538461539 0.11778846153846154 0.05889423076923077 0.11658653846153846
3 0.8449519230769231 0.6021634615384616 0.07692307692307693 0.125
6 0.7584134615384616 0.04927884615384615 0.05048076923076923 0.0985576923076923
6 0.8617788461538461 0.7331730769230769 0.0733173076923077 0.12980769230769232
4 0.671875 0.04567307692307692 0.04326923076923077 0.09134615384615384
4 0.6790865384615384 0.12379807692307693 0.040865384615384616 0.0985576923076923
4 0.6911057692307693 0.2091346153846154 0.04326923076923077 0.0985576923076923
4 0.7019230769230769 0.2932692307692308 0.04447115384615385 0.10096153846153846
4 0.7127403846153846 0.3918269230769231 0.05048076923076923 0.09615384615384616
4 0.7271634615384616 0.49759615384615385 0.04807692307692308 0.10817307692307693
4 0.7403846153846154 0.609375 0.051682692307692304 0.10576923076923077
4 0.7548076923076923 0.7331730769230769 0.055288461538461536 0.1045673076923077
11 0.18990384615384615 0.2620192307692308 0.06490384615384616 0.17427884615384615
8 0.17427884615384615 0.35096153846153844 0.06971153846153846 0.1935096153846154
7 0.16105769230769232 0.4795673076923077 0.05889423076923077 0.13942307692307693
7 0.1935096153846154 0.1875 0.052884615384615384 0.13341346153846154
9 0.20072115384615385 0.10817307692307693 0.055288461538461536 0.12139423076923077
9 0.15625 0.6165865384615384 0.07091346153846154 0.13341346153846154
10 0.25721153846153844 0.7367788461538461 0.05889423076923077 0.10697115384615384
10 0.2644230769230769 0.6105769230769231 0.06370192307692307 0.10576923076923077
10 0.26802884615384615 0.5048076923076923 0.054086538461538464 0.10096153846153846
10 0.2800480769230769 0.40024038461538464 0.051682692307692304 0.1045673076923077
10 0.28125 0.2956730769230769 0.054086538461538464 0.10096153846153846
10 0.28966346153846156 0.2091346153846154 0.04447115384615385 0.09615384615384616
10 0.28966346153846156 0.1201923076923077 0.04567307692307692 0.09134615384615384
10 0.29086538461538464 0.04567307692307692 0.04807692307692308 0.09134615384615384
12 0.21153846153846154 0.04326923076923077 0.04927884615384615 0.08533653846153846
12 0.14302884615384615 0.7415865384615384 0.06971153846153846 0.14423076923076922