2 0.7415865384615384 0.5949519230769231 0.08533653846153846 0.19951923076923078
6 0.8581730769230769 0.7379807692307693 0.06971153846153846 0.14182692307692307
12 0.6550480769230769 0.7199519230769231 0.0673076923076923 0.140625
9 0.5288461538461539 0.12139423076923077 0.05048076923076923 0.140625
5 0.6177884615384616 0.28365384615384615 0.07091346153846154 0.17908653846153846
4 0.6971153846153846 0.21875 0.04567307692307692 0.10336538461538461
4 0.71875 0.40024038461538464 0.055288461538461536 0.10697115384615384
4 0.640625 0.4987980769230769 0.051682692307692304 0.109375
4 0.5360576923076923 0.2920673076923077 0.04927884615384615 0.109375
3 0.4567307692307692 0.38461538461538464 0.06370192307692307 0.13701923076923078
10 0.4543269230769231 0.28846153846153844 0.04927884615384615 0.10216346153846154
11 0.37740384615384615 0.2776442307692308 0.07091346153846154 0.17427884615384615
8 0.28125 0.34975961538461536 0.07211538461538461 0.1971153846153846
12 0.2283653846153846 0.04567307692307692 0.06129807692307692 0.09134615384615384
10 0.30288461538461536 0.04326923076923077 0.04807692307692308 0.08653846153846154
10 0.30408653846153844 0.19591346153846154 0.051682692307692304 0.10576923076923077
10 0.2704326923076923 0.5997596153846154 0.05889423076923077 0.1141826923076923