2 0.7487980769230769 0.6262019230769231 0.08774038461538461 0.20673076923076922
6 0.8701923076923077 0.7740384615384616 0.07211538461538461 0.1466346153846154
12 0.6598557692307693 0.7560096153846154 0.06971153846153846 0.1466346153846154
9 0.5288461538461539 0.1346153846153846 0.052884615384615384 0.14543269230769232
5 0.6201923076923077 0.30408653846153844 0.0733173076923077 0.18629807692307693
4 0.703125 0.23677884615384615 0.046875 0.10817307692307693
4 0.7259615384615384 0.4230769230769231 0.057692307692307696 0.11057692307692307
4 0.6442307692307693 0.5264423076923077 0.054086538461538464 0.1141826923076923
4 0.5360576923076923 0.3112980769230769 0.05048076923076923 0.1141826923076923
3 0.4543269230769231 0.4074519230769231 0.06610576923076923 0.14182692307692307
10 0.45072115384615385 0.3076923076923077 0.051682692307692304 0.10576923076923077
11 0.3713942307692308 0.296875 0.0733173076923077 0.18028846153846154
8 0.27163461538461536 0.3713942307692308 0.07572115384615384 0.20432692307692307
12 0.21634615384615385 0.051682692307692304 0.06370192307692307 0.10336538461538461
10 0.29447115384615385 0.04927884615384615 0.04807692307692308 0.09735576923076923
10 0.2956730769230769 0.2127403846153846 0.052884615384615384 0.109375
10 0.2608173076923077 0.6310096153846154 0.06129807692307692 0.11778846153846154