6 0.640625 0.7788461538461539 0.07572115384615384 0.14423076923076922
6 0.8533653846153846 0.7884615384615384 0.07932692307692307 0.14783653846153846
2 0.7211538461538461 0.640625 0.09375 0.21394230769230768
5 0.5877403846153846 0.3137019230769231 0.06490384615384616 0.18389423076923078
4 0.6754807692307693 0.2403846153846154 0.051682692307692304 0.1201923076923077
4 0.6189903846153846 0.5492788461538461 0.05889423076923077 0.125
4 0.5 0.328125 0.05048076923076923 0.11298076923076923
3 0.24759615384615385 0.5396634615384616 0.07572115384615384 0.1502403846153846
8 0.2403846153846154 0.4050480769230769 0.07451923076923077 0.2091346153846154
10 0.23557692307692307 0.6742788461538461 0.06129807692307692 0.11538461538461539
12 0.15264423076923078 0.23677884615384615 0.0673076923076923 0.12259615384615384
10 0.25 0.0673076923076923 0.051682692307692304 0.10817307692307693
10 0.3389423076923077 0.1622596153846154 0.052884615384615384 0.11177884615384616
10 0.4182692307692308 0.3329326923076923 0.051682692307692304 0.11538461538461539