6 0.6478365384615384 0.7848557692307693 0.07451923076923077 0.14182692307692307
6 0.8545673076923077 0.7932692307692307 0.078125 0.14423076923076922
2 0.7259615384615384 0.6490384615384616 0.09254807692307693 0.2091346153846154
5 0.5949519230769231 0.3293269230769231 0.0625 0.17908653846153846
4 0.6814903846153846 0.25721153846153844 0.05048076923076923 0.11778846153846154
4 0.6262019230769231 0.5588942307692307 0.057692307692307696 0.12259615384615384
4 0.5096153846153846 0.3425480769230769 0.04927884615384615 0.11057692307692307
3 0.2620192307692308 0.5504807692307693 0.0733173076923077 0.1466346153846154
8 0.2548076923076923 0.4182692307692308 0.0733173076923077 0.20432692307692307
10 0.25 0.6826923076923077 0.05889423076923077 0.11298076923076923
12 0.16826923076923078 0.2536057692307692 0.06610576923076923 0.1201923076923077
10 0.2644230769230769 0.08774038461538461 0.05048076923076923 0.10576923076923077
10 0.35096153846153844 0.1814903846153846 0.051682692307692304 0.109375
10 0.42908653846153844 0.3485576923076923 0.05048076923076923 0.11298076923076923