6 0.6538461538461539 0.78125 0.07451923076923077 0.14182692307692307
6 0.8629807692307693 0.7908653846153846 0.078125 0.14543269230769232
2 0.7331730769230769 0.6454326923076923 0.09254807692307693 0.21033653846153846
5 0.6021634615384616 0.3233173076923077 0.06370192307692307 0.18028846153846154
4 0.6887019230769231 0.2512019230769231 0.05048076923076923 0.11778846153846154
4 0.6322115384615384 0.5552884615384616 0.057692307692307696 0.12259615384615384
4 0.515625 0.33774038461538464 0.04927884615384615 0.11057692307692307
3 0.26802884615384615 0.546875 0.07451923076923077 0.14783653846153846
8 0.25961538461538464 0.41225961538461536 0.0733173076923077 0.20552884615384615
10 0.2548076923076923 0.6790865384615384 0.06009615384615385 0.1141826923076923
12 0.17307692307692307 0.24759615384615385 0.06610576923076923 0.12139423076923077
10 0.2704326923076923 0.08052884615384616 0.051682692307692304 0.10576923076923077
10 0.35697115384615385 0.17427884615384615 0.051682692307692304 0.11057692307692307
10 0.43509615384615385 0.3425480769230769 0.051682692307692304 0.11298076923076923