3 0.44350961538461536 0.4050480769230769 0.06490384615384616 0.140625
4 0.5216346153846154 0.0625 0.04807692307692308 0.109375
6 0.8545673076923077 0.7572115384615384 0.08653846153846154 0.1466346153846154
2 0.8173076923076923 0.5 0.09134615384615384 0.20793269230769232
5 0.6045673076923077 0.2980769230769231 0.06610576923076923 0.18870192307692307
4 0.7067307692307693 0.41586538461538464 0.051682692307692304 0.109375
4 0.6850961538461539 0.23317307692307693 0.046875 0.10817307692307693
4 0.5192307692307693 0.3112980769230769 0.051682692307692304 0.10697115384615384
4 0.6298076923076923 0.5192307692307693 0.054086538461538464 0.11298076923076923
12 0.6478365384615384 0.7391826923076923 0.07572115384615384 0.14783653846153846
12 0.20192307692307693 0.05889423076923077 0.06129807692307692 0.11778846153846154
11 0.359375 0.3004807692307692 0.06129807692307692 0.1814903846153846
8 0.26322115384615385 0.38221153846153844 0.07572115384615384 0.203125
7 0.4411057692307692 0.6177884615384616 0.06370192307692307 0.14903846153846154
9 0.5108173076923077 0.13581730769230768 0.055288461538461536 0.13822115384615385
9 0.3545673076923077 0.5096153846153846 0.0673076923076923 0.1466346153846154
10 0.43509615384615385 0.30649038461538464 0.05048076923076923 0.10817307692307693
10 0.2776442307692308 0.054086538461538464 0.05048076923076923 0.10697115384615384
10 0.28125 0.21995192307692307 0.04807692307692308 0.11298076923076923
10 0.2548076923076923 0.6298076923076923 0.06009615384615385 0.12139423076923077