3 0.4423076923076923 0.3954326923076923 0.06490384615384616 0.13942307692307693
4 0.5192307692307693 0.056490384615384616 0.04807692307692308 0.10817307692307693
6 0.8485576923076923 0.7439903846153846 0.08533653846153846 0.14543269230769232
2 0.8125 0.4891826923076923 0.09014423076923077 0.20552884615384615
5 0.6009615384615384 0.28966346153846156 0.06610576923076923 0.18629807692307693
4 0.7019230769230769 0.40625 0.051682692307692304 0.10817307692307693
4 0.6802884615384616 0.22596153846153846 0.04567307692307692 0.10697115384615384
4 0.5168269230769231 0.30288461538461536 0.05048076923076923 0.10576923076923077
4 0.6262019230769231 0.5084134615384616 0.052884615384615384 0.11177884615384616
12 0.6442307692307693 0.7259615384615384 0.07572115384615384 0.1466346153846154
12 0.203125 0.055288461538461536 0.06129807692307692 0.11057692307692307
11 0.3581730769230769 0.2920673076923077 0.06009615384615385 0.17908653846153846
8 0.26322115384615385 0.37259615384615385 0.07451923076923077 0.20072115384615385
7 0.4387019230769231 0.6057692307692307 0.06370192307692307 0.14783653846153846
9 0.5084134615384616 0.12860576923076922 0.055288461538461536 0.13581730769230768
9 0.35336538461538464 0.4987980769230769 0.06610576923076923 0.14543269230769232
10 0.4338942307692308 0.2980769230769231 0.05048076923076923 0.10697115384615384
10 0.27884615384615385 0.051682692307692304 0.052884615384615384 0.10336538461538461
10 0.2824519230769231 0.21153846153846154 0.04807692307692308 0.11177884615384616
10 0.25600961538461536 0.6177884615384616 0.05889423076923077 0.1201923076923077