3 0.43990384615384615 0.3894230769230769 0.06370192307692307 0.13822115384615385
4 0.5168269230769231 0.054086538461538464 0.046875 0.10697115384615384
6 0.8425480769230769 0.7355769230769231 0.08533653846153846 0.14302884615384615
2 0.8064903846153846 0.48197115384615385 0.0889423076923077 0.20432692307692307
5 0.5973557692307693 0.2848557692307692 0.06490384615384616 0.18509615384615385
4 0.6971153846153846 0.40024038461538464 0.05048076923076923 0.10817307692307693
4 0.6766826923076923 0.22115384615384615 0.04567307692307692 0.10576923076923077
4 0.5132211538461539 0.2980769230769231 0.05048076923076923 0.1045673076923077
4 0.6225961538461539 0.5012019230769231 0.052884615384615384 0.11057692307692307
12 0.640625 0.7175480769230769 0.07451923076923077 0.14543269230769232
12 0.203125 0.054086538461538464 0.06009615384615385 0.10817307692307693
11 0.35697115384615385 0.28725961538461536 0.06009615384615385 0.1778846153846154
8 0.26322115384615385 0.36658653846153844 0.0733173076923077 0.19831730769230768
7 0.4375 0.5985576923076923 0.0625 0.1466346153846154
9 0.5048076923076923 0.125 0.054086538461538464 0.1346153846153846
9 0.35216346153846156 0.49158653846153844 0.06490384615384616 0.14423076923076922
10 0.43149038461538464 0.2932692307692308 0.04927884615384615 0.10576923076923077
10 0.2776442307692308 0.04927884615384615 0.05048076923076923 0.0985576923076923
10 0.28125 0.20793269230769232 0.04807692307692308 0.11057692307692307
10 0.2548076923076923 0.6105769230769231 0.05889423076923077 0.11899038461538461