2 0.78125 0.28846153846153844 0.08413461538461539 0.21394230769230768
1 0.609375 0.1466346153846154 0.05889423076923077 0.14423076923076922
6 0.5793269230769231 0.06610576923076923 0.057692307692307696 0.13221153846153846
6 0.5108173076923077 0.15144230769230768 0.06009615384615385 0.12980769230769232
4 0.6971153846153846 0.3329326923076923 0.04927884615384615 0.1141826923076923
4 0.7536057692307693 0.7848557692307693 0.06490384615384616 0.12259615384615384
4 0.6177884615384616 0.53125 0.056490384615384616 0.125
4 0.5504807692307693 0.6610576923076923 0.06370192307692307 0.12980769230769232
4 0.4230769230769231 0.16466346153846154 0.04927884615384615 0.10697115384615384
3 0.44711538461538464 0.23918269230769232 0.0673076923076923 0.140625
3 0.24879807692307693 0.6370192307692307 0.0829326923076923 0.15384615384615385
8 0.16466346153846154 0.40024038461538464 0.08173076923076923 0.2091346153846154
7 0.18509615384615385 0.13942307692307693 0.0733173076923077 0.1466346153846154
7 0.3605769230769231 0.4170673076923077 0.06971153846153846 0.15264423076923078
12 0.19831730769230768 0.0829326923076923 0.06610576923076923 0.13701923076923078
11 0.3485576923076923 0.13581730769230768 0.07211538461538461 0.18509615384615385
9 0.23677884615384615 0.7884615384615384 0.07932692307692307 0.16826923076923078
10 0.2776442307692308 0.1502403846153846 0.054086538461538464 0.11658653846153846
10 0.2608173076923077 0.328125 0.05889423076923077 0.10576923076923077
10 0.2620192307692308 0.42908653846153844 0.06850961538461539 0.11778846153846154
10 0.3605769230769231 0.5637019230769231 0.06370192307692307 0.12980769230769232