2 0.7704326923076923 0.29447115384615385 0.0829326923076923 0.21153846153846154
1 0.5997596153846154 0.15384615384615385 0.05889423076923077 0.14302884615384615
6 0.5709134615384616 0.07451923076923077 0.055288461538461536 0.12980769230769232
6 0.5024038461538461 0.15985576923076922 0.05889423076923077 0.12860576923076922
4 0.6862980769230769 0.3389423076923077 0.04807692307692308 0.11298076923076923
4 0.7427884615384616 0.7872596153846154 0.06370192307692307 0.12139423076923077
4 0.6081730769230769 0.5360576923076923 0.055288461538461536 0.12379807692307693
4 0.5420673076923077 0.6634615384615384 0.0625 0.12860576923076922
4 0.41586538461538464 0.171875 0.04807692307692308 0.10576923076923077
3 0.43990384615384615 0.24639423076923078 0.06610576923076923 0.13942307692307693
3 0.24278846153846154 0.640625 0.08173076923076923 0.15264423076923078
8 0.15985576923076922 0.4050480769230769 0.08173076923076923 0.20793269230769232
7 0.18028846153846154 0.1466346153846154 0.07211538461538461 0.14543269230769232
7 0.35336538461538464 0.4230769230769231 0.06850961538461539 0.15144230769230768
12 0.1935096153846154 0.09134615384615384 0.06610576923076923 0.13581730769230768
11 0.3425480769230769 0.14423076923076922 0.07211538461538461 0.18269230769230768
9 0.23197115384615385 0.7908653846153846 0.07932692307692307 0.16706730769230768
10 0.27163461538461536 0.15865384615384615 0.054086538461538464 0.11538461538461539
10 0.2548076923076923 0.33413461538461536 0.05889423076923077 0.1045673076923077
10 0.25600961538461536 0.4338942307692308 0.0673076923076923 0.11658653846153846
10 0.35336538461538464 0.5685096153846154 0.06370192307692307 0.12860576923076922