2 0.8016826923076923 0.29086538461538464 0.08533653846153846 0.21995192307692307
1 0.625 0.14423076923076922 0.06009615384615385 0.14783653846153846
6 0.5949519230769231 0.06490384615384616 0.057692307692307696 0.12980769230769232
6 0.5228365384615384 0.1502403846153846 0.06129807692307692 0.13341346153846154
4 0.7139423076923077 0.33653846153846156 0.05048076923076923 0.11778846153846154
4 0.7728365384615384 0.8004807692307693 0.06610576923076923 0.125
4 0.6334134615384616 0.5408653846153846 0.057692307692307696 0.12860576923076922
4 0.5649038461538461 0.6730769230769231 0.06490384615384616 0.13341346153846154
4 0.4338942307692308 0.16346153846153846 0.05048076923076923 0.109375
3 0.4579326923076923 0.2403846153846154 0.06850961538461539 0.14423076923076922
3 0.2548076923076923 0.6490384615384616 0.08533653846153846 0.15745192307692307
8 0.16826923076923078 0.4050480769230769 0.08413461538461539 0.21514423076923078
7 0.18990384615384615 0.13701923076923078 0.07572115384615384 0.1502403846153846
7 0.36899038461538464 0.4230769230769231 0.07091346153846154 0.15745192307692307
12 0.203125 0.08052884615384616 0.06850961538461539 0.14182692307692307
11 0.35697115384615385 0.1346153846153846 0.07451923076923077 0.18990384615384615
9 0.24278846153846154 0.8052884615384616 0.08173076923076923 0.17307692307692307
10 0.28365384615384615 0.14903846153846154 0.056490384615384616 0.11899038461538461
10 0.2668269230769231 0.3317307692307692 0.06129807692307692 0.109375
10 0.26802884615384615 0.43509615384615385 0.06971153846153846 0.12139423076923077
10 0.36899038461538464 0.5745192307692307 0.06610576923076923 0.13341346153846154