9 0.4543269230769231 0.6478365384615384 0.06850961538461539 0.1622596153846154
8 0.16466346153846154 0.30288461538461536 0.078125 0.20673076923076922
11 0.34615384615384615 0.14423076923076922 0.0625 0.17908653846153846
7 0.43990384615384615 0.43149038461538464 0.0673076923076923 0.14423076923076922
12 0.4254807692307692 0.15625 0.06129807692307692 0.12620192307692307
10 0.4423076923076923 0.32572115384615385 0.054086538461538464 0.10576923076923077
10 0.27403846153846156 0.16826923076923078 0.06490384615384616 0.11538461538461539
10 0.2608173076923077 0.33774038461538464 0.052884615384615384 0.11177884615384616
10 0.3545673076923077 0.5637019230769231 0.054086538461538464 0.12620192307692307
6 0.2704326923076923 0.07091346153846154 0.0625 0.1310096153846154
3 0.24759615384615385 0.6466346153846154 0.078125 0.1622596153846154
1 0.5108173076923077 0.23197115384615385 0.05048076923076923 0.1466346153846154
2 0.7728365384615384 0.29927884615384615 0.08413461538461539 0.20072115384615385
4 0.6875 0.3401442307692308 0.04927884615384615 0.1141826923076923
4 0.5444711538461539 0.6634615384615384 0.052884615384615384 0.125
4 0.6105769230769231 0.5396634615384616 0.052884615384615384 0.11899038461538461