9 0.4519230769230769 0.6466346153846154 0.06971153846153846 0.16346153846153846
8 0.15865384615384615 0.2980769230769231 0.07932692307692307 0.2091346153846154
11 0.3425480769230769 0.13701923076923078 0.06370192307692307 0.1814903846153846
7 0.4362980769230769 0.42908653846153844 0.06850961538461539 0.14543269230769232
12 0.4230769230769231 0.1502403846153846 0.06129807692307692 0.12740384615384615
10 0.4387019230769231 0.32091346153846156 0.055288461538461536 0.10697115384615384
10 0.2692307692307692 0.16105769230769232 0.06490384615384616 0.11658653846153846
10 0.25600961538461536 0.33413461538461536 0.054086538461538464 0.11298076923076923
10 0.35096153846153844 0.5612980769230769 0.055288461538461536 0.12740384615384615
6 0.2668269230769231 0.06610576923076923 0.0673076923076923 0.13221153846153846
3 0.24278846153846154 0.6454326923076923 0.07932692307692307 0.16466346153846154
1 0.5084134615384616 0.22716346153846154 0.05048076923076923 0.14783653846153846
2 0.7740384615384616 0.29447115384615385 0.08413461538461539 0.203125
4 0.6875 0.33533653846153844 0.05048076923076923 0.11538461538461539
4 0.5420673076923077 0.6634615384615384 0.052884615384615384 0.12620192307692307
4 0.609375 0.5372596153846154 0.052884615384615384 0.1201923076923077