5 0.7884615384615384 0.38461538461538464 0.078125 0.18028846153846154
2 0.7644230769230769 0.27884615384615385 0.078125 0.18629807692307693
3 0.7608173076923077 0.21754807692307693 0.06850961538461539 0.125
3 0.8112980769230769 0.5252403846153846 0.07932692307692307 0.125
1 0.7379807692307693 0.125 0.052884615384615384 0.13942307692307693
1 0.8197115384615384 0.6442307692307693 0.0673076923076923 0.13701923076923078
6 0.7175480769230769 0.056490384615384616 0.055288461538461536 0.11298076923076923
6 0.8461538461538461 0.7788461538461539 0.078125 0.13341346153846154
4 0.7379807692307693 0.7800480769230769 0.06129807692307692 0.11538461538461539
4 0.7151442307692307 0.6334134615384616 0.06490384615384616 0.11658653846153846
4 0.6887019230769231 0.5264423076923077 0.056490384615384616 0.10697115384615384
4 0.6862980769230769 0.4098557692307692 0.054086538461538464 0.10336538461538461
4 0.6754807692307693 0.32211538461538464 0.05048076923076923 0.10216346153846154
4 0.6682692307692307 0.2403846153846154 0.04927884615384615 0.10336538461538461
4 0.6502403846153846 0.1466346153846154 0.04326923076923077 0.09975961538461539
4 0.6454326923076923 0.05889423076923077 0.04326923076923077 0.10336538461538461
11 0.14903846153846154 0.3004807692307692 0.0673076923076923 0.17668269230769232
8 0.13221153846153846 0.3858173076923077 0.07572115384615384 0.20192307692307693
9 0.14423076923076922 0.21634615384615385 0.0673076923076923 0.11899038461538461
9 0.1310096153846154 0.5288461538461539 0.06971153846153846 0.13701923076923078
7 0.15745192307692307 0.11899038461538461 0.056490384615384616 0.13942307692307693
7 0.1141826923076923 0.6526442307692307 0.06971153846153846 0.14423076923076922
12 0.16947115384615385 0.05889423076923077 0.056490384615384616 0.11778846153846154
12 0.10216346153846154 0.7992788461538461 0.0733173076923077 0.14182692307692307
10 0.24158653846153846 0.057692307692307696 0.046875 0.10216346153846154
10 0.24759615384615385 0.140625 0.046875 0.1045673076923077
10 0.234375 0.22956730769230768 0.046875 0.1045673076923077
10 0.23677884615384615 0.3137019230769231 0.051682692307692304 0.10096153846153846
10 0.23557692307692307 0.4182692307692308 0.054086538461538464 0.10817307692307693
10 0.22716346153846154 0.5336538461538461 0.054086538461538464 0.11057692307692307
10 0.21875 0.6586538461538461 0.056490384615384616 0.1141826923076923
10 0.2127403846153846 0.7980769230769231 0.06610576923076923 0.11298076923076923