5 0.7944711538461539 0.40024038461538464 0.07692307692307693 0.17908653846153846
2 0.7716346153846154 0.296875 0.07692307692307693 0.18509615384615385
3 0.7680288461538461 0.23557692307692307 0.0673076923076923 0.12379807692307693
3 0.8173076923076923 0.5408653846153846 0.078125 0.12379807692307693
1 0.7439903846153846 0.14423076923076922 0.051682692307692304 0.13822115384615385
1 0.8257211538461539 0.6574519230769231 0.0673076923076923 0.13581730769230768
6 0.7247596153846154 0.0673076923076923 0.055288461538461536 0.12740384615384615
6 0.8509615384615384 0.7908653846153846 0.078125 0.13221153846153846
4 0.7451923076923077 0.7920673076923077 0.06129807692307692 0.1141826923076923
4 0.7223557692307693 0.6478365384615384 0.06370192307692307 0.1141826923076923
4 0.6959134615384616 0.5408653846153846 0.056490384615384616 0.10576923076923077
4 0.6935096153846154 0.4254807692307692 0.052884615384615384 0.10216346153846154
4 0.6838942307692307 0.3389423076923077 0.04927884615384615 0.10096153846153846
4 0.6766826923076923 0.25841346153846156 0.04807692307692308 0.10216346153846154
4 0.6574519230769231 0.1658653846153846 0.04326923076923077 0.0985576923076923
4 0.6526442307692307 0.078125 0.04326923076923077 0.10216346153846154
11 0.1622596153846154 0.3173076923076923 0.06610576923076923 0.17548076923076922
8 0.14543269230769232 0.4014423076923077 0.07451923076923077 0.19951923076923078
9 0.15745192307692307 0.234375 0.06610576923076923 0.11778846153846154
9 0.14423076923076922 0.5432692307692307 0.06850961538461539 0.13581730769230768
7 0.17067307692307693 0.13822115384615385 0.055288461538461536 0.13822115384615385
7 0.12740384615384615 0.6658653846153846 0.06850961538461539 0.14302884615384615
12 0.1814903846153846 0.07451923076923077 0.055288461538461536 0.12259615384615384
12 0.11538461538461539 0.8112980769230769 0.0733173076923077 0.140625
10 0.2536057692307692 0.07692307692307693 0.04567307692307692 0.10096153846153846
10 0.25961538461538464 0.15865384615384615 0.046875 0.10336538461538461
10 0.24639423076923078 0.24639423076923078 0.046875 0.1045673076923077
10 0.24879807692307693 0.33052884615384615 0.051682692307692304 0.09975961538461539
10 0.24759615384615385 0.4338942307692308 0.052884615384615384 0.10697115384615384
10 0.23918269230769232 0.5480769230769231 0.052884615384615384 0.109375
10 0.23076923076923078 0.671875 0.056490384615384616 0.11298076923076923
10 0.2247596153846154 0.8100961538461539 0.06610576923076923 0.11177884615384616