5 0.7872596153846154 0.39903846153846156 0.078125 0.1814903846153846
2 0.7632211538461539 0.2932692307692308 0.078125 0.1875
3 0.7596153846153846 0.23197115384615385 0.06850961538461539 0.12620192307692307
3 0.8112980769230769 0.5408653846153846 0.07932692307692307 0.125
1 0.7355769230769231 0.13822115384615385 0.052884615384615384 0.140625
1 0.8185096153846154 0.6598557692307693 0.06850961538461539 0.13822115384615385
6 0.7163461538461539 0.06370192307692307 0.057692307692307696 0.12740384615384615
6 0.8449519230769231 0.7956730769230769 0.07932692307692307 0.1346153846153846
4 0.7367788461538461 0.796875 0.0625 0.11538461538461539
4 0.7139423076923077 0.6502403846153846 0.06490384615384616 0.11658653846153846
4 0.6875 0.5420673076923077 0.056490384615384616 0.10697115384615384
4 0.6838942307692307 0.42427884615384615 0.054086538461538464 0.10336538461538461
4 0.6742788461538461 0.33653846153846156 0.05048076923076923 0.10216346153846154
4 0.6670673076923077 0.2548076923076923 0.04927884615384615 0.10336538461538461
4 0.6478365384615384 0.15985576923076922 0.04326923076923077 0.09975961538461539
4 0.6430288461538461 0.07211538461538461 0.04326923076923077 0.10336538461538461
11 0.14423076923076922 0.3137019230769231 0.0673076923076923 0.1778846153846154
8 0.12740384615384615 0.40024038461538464 0.07572115384615384 0.203125
9 0.13942307692307693 0.23076923076923078 0.0673076923076923 0.11899038461538461
9 0.12620192307692307 0.5444711538461539 0.06971153846153846 0.13822115384615385
7 0.15384615384615385 0.13221153846153846 0.056490384615384616 0.140625
7 0.109375 0.6682692307692307 0.06971153846153846 0.14543269230769232
12 0.16466346153846154 0.0673076923076923 0.056490384615384616 0.125
12 0.09735576923076923 0.8161057692307693 0.07451923076923077 0.14302884615384615
10 0.23677884615384615 0.06971153846153846 0.046875 0.10216346153846154
10 0.24278846153846154 0.15384615384615385 0.04807692307692308 0.1045673076923077
10 0.22956730769230768 0.24278846153846154 0.04807692307692308 0.10576923076923077
10 0.23317307692307693 0.3269230769230769 0.052884615384615384 0.10096153846153846
10 0.23076923076923078 0.4326923076923077 0.054086538461538464 0.109375
10 0.22235576923076922 0.5492788461538461 0.054086538461538464 0.11177884615384616
10 0.21394230769230768 0.6742788461538461 0.056490384615384616 0.11538461538461539
10 0.20793269230769232 0.8149038461538461 0.06610576923076923 0.11298076923076923