7 0.4375 0.42427884615384615 0.07211538461538461 0.14543269230769232
12 0.43028846153846156 0.3317307692307692 0.06009615384615385 0.1346153846153846
9 0.44711538461538464 0.6478365384615384 0.0733173076923077 0.1622596153846154
8 0.15504807692307693 0.29447115384615385 0.08413461538461539 0.21754807692307693
11 0.33774038461538464 0.1310096153846154 0.07091346153846154 0.1814903846153846
10 0.265625 0.15144230769230768 0.056490384615384616 0.11298076923076923
10 0.25 0.328125 0.05889423076923077 0.11057692307692307
10 0.3485576923076923 0.5612980769230769 0.052884615384615384 0.12139423076923077
6 0.2644230769230769 0.06009615384615385 0.04927884615384615 0.1201923076923077
3 0.34134615384615385 0.41346153846153844 0.06370192307692307 0.15865384615384615
2 0.7752403846153846 0.28725961538461536 0.09014423076923077 0.20552884615384615
4 0.4230769230769231 0.5348557692307693 0.056490384615384616 0.11177884615384616
4 0.5877403846153846 0.3329326923076923 0.055288461538461536 0.11658653846153846
4 0.5396634615384616 0.6622596153846154 0.06009615384615385 0.12379807692307693