7 0.42908653846153844 0.4206730769230769 0.07211538461538461 0.14543269230769232
12 0.4206730769230769 0.3269230769230769 0.06009615384615385 0.1346153846153846
9 0.4387019230769231 0.6430288461538461 0.0733173076923077 0.1622596153846154
8 0.1466346153846154 0.28966346153846156 0.08413461538461539 0.21754807692307693
11 0.3293269230769231 0.12620192307692307 0.07091346153846154 0.1814903846153846
10 0.25721153846153844 0.14783653846153846 0.056490384615384616 0.11298076923076923
10 0.24158653846153846 0.3233173076923077 0.05889423076923077 0.11057692307692307
10 0.3401442307692308 0.5564903846153846 0.052884615384615384 0.12139423076923077
6 0.25600961538461536 0.057692307692307696 0.04927884615384615 0.11538461538461539
3 0.3329326923076923 0.40865384615384615 0.06370192307692307 0.15865384615384615
2 0.7668269230769231 0.2824519230769231 0.09014423076923077 0.20552884615384615
4 0.41466346153846156 0.5300480769230769 0.056490384615384616 0.11177884615384616
4 0.5793269230769231 0.328125 0.055288461538461536 0.11658653846153846
4 0.53125 0.6574519230769231 0.06009615384615385 0.12379807692307693