7 0.42427884615384615 0.421875 0.0733173076923077 0.14783653846153846
12 0.41586538461538464 0.3269230769230769 0.06129807692307692 0.13701923076923078
9 0.4338942307692308 0.6490384615384616 0.07451923076923077 0.16466346153846154
8 0.13701923076923078 0.28966346153846156 0.08533653846153846 0.22115384615384615
11 0.32211538461538464 0.12379807692307693 0.07211538461538461 0.18389423076923078
10 0.24879807692307693 0.14543269230769232 0.057692307692307696 0.11538461538461539
10 0.23317307692307693 0.3245192307692308 0.06009615384615385 0.11298076923076923
10 0.33413461538461536 0.5612980769230769 0.054086538461538464 0.12259615384615384
6 0.24759615384615385 0.056490384615384616 0.05048076923076923 0.11298076923076923
3 0.32572115384615385 0.4110576923076923 0.06490384615384616 0.16105769230769232
2 0.7668269230769231 0.2824519230769231 0.09134615384615384 0.2091346153846154
4 0.40865384615384615 0.5348557692307693 0.057692307692307696 0.1141826923076923
4 0.5757211538461539 0.3293269230769231 0.056490384615384616 0.11899038461538461
4 0.5276442307692307 0.6634615384615384 0.06129807692307692 0.125