6 0.8762019230769231 0.7415865384615384 0.078125 0.13942307692307693
2 0.7596153846153846 0.5949519230769231 0.08533653846153846 0.21033653846153846
5 0.6346153846153846 0.27884615384615385 0.06370192307692307 0.171875
4 0.7175480769230769 0.2091346153846154 0.04927884615384615 0.10817307692307693
4 0.7355769230769231 0.3918269230769231 0.052884615384615384 0.10817307692307693
4 0.65625 0.49399038461538464 0.056490384615384616 0.10817307692307693
4 0.5492788461538461 0.28125 0.052884615384615384 0.10576923076923077
3 0.4699519230769231 0.3713942307692308 0.05889423076923077 0.13942307692307693
7 0.46634615384615385 0.5901442307692307 0.0625 0.1466346153846154
11 0.3870192307692308 0.265625 0.0673076923076923 0.17908653846153846
8 0.2932692307692308 0.3425480769230769 0.07451923076923077 0.19951923076923078
9 0.38100961538461536 0.4723557692307692 0.0625 0.1466346153846154
10 0.46634615384615385 0.2800480769230769 0.04807692307692308 0.1045673076923077
10 0.3137019230769231 0.18389423076923078 0.046875 0.10817307692307693
10 0.2824519230769231 0.5961538461538461 0.057692307692307696 0.11658653846153846
10 0.3137019230769231 0.038461538461538464 0.05048076923076923 0.07692307692307693
12 0.23557692307692307 0.037259615384615384 0.06009615384615385 0.07451923076923077
12 0.6754807692307693 0.71875 0.07091346153846154 0.15144230769230768