6 0.8665865384615384 0.7524038461538461 0.07692307692307693 0.13942307692307693
2 0.7512019230769231 0.6057692307692307 0.08413461538461539 0.2091346153846154
5 0.6274038461538461 0.2920673076923077 0.06370192307692307 0.17067307692307693
4 0.7091346153846154 0.22235576923076922 0.04807692307692308 0.10697115384615384
4 0.7271634615384616 0.4050480769230769 0.052884615384615384 0.10697115384615384
4 0.6490384615384616 0.5060096153846154 0.055288461538461536 0.10817307692307693
4 0.5420673076923077 0.29447115384615385 0.052884615384615384 0.10576923076923077
3 0.46274038461538464 0.38461538461538464 0.05889423076923077 0.13822115384615385
7 0.46033653846153844 0.6021634615384616 0.0625 0.1466346153846154
11 0.3798076923076923 0.27884615384615385 0.0673076923076923 0.17908653846153846
8 0.2860576923076923 0.3557692307692308 0.0733173076923077 0.19831730769230768
9 0.375 0.484375 0.0625 0.1466346153846154
10 0.45913461538461536 0.2932692307692308 0.04807692307692308 0.1045673076923077
10 0.3076923076923077 0.1971153846153846 0.046875 0.10697115384615384
10 0.2764423076923077 0.6069711538461539 0.057692307692307696 0.11538461538461539
10 0.3088942307692308 0.04567307692307692 0.05048076923076923 0.09134615384615384
12 0.22956730769230768 0.04447115384615385 0.05889423076923077 0.0889423076923077
12 0.6670673076923077 0.7295673076923077 0.06971153846153846 0.1502403846153846