6 0.8725961538461539 0.7512019230769231 0.07692307692307693 0.13942307692307693
2 0.7572115384615384 0.6045673076923077 0.08413461538461539 0.2091346153846154
5 0.6334134615384616 0.29086538461538464 0.06370192307692307 0.17067307692307693
4 0.7151442307692307 0.22115384615384615 0.04807692307692308 0.10697115384615384
4 0.7331730769230769 0.40384615384615385 0.052884615384615384 0.10697115384615384
4 0.6550480769230769 0.5048076923076923 0.055288461538461536 0.10817307692307693
4 0.546875 0.2932692307692308 0.052884615384615384 0.10576923076923077
3 0.46875 0.38341346153846156 0.05889423076923077 0.13822115384615385
7 0.4651442307692308 0.6009615384615384 0.0625 0.1466346153846154
11 0.3858173076923077 0.2776442307692308 0.0673076923076923 0.17908653846153846
8 0.2920673076923077 0.3545673076923077 0.0733173076923077 0.19831730769230768
9 0.38100961538461536 0.4831730769230769 0.0625 0.1466346153846154
10 0.4651442307692308 0.2920673076923077 0.04807692307692308 0.1045673076923077
10 0.3137019230769231 0.19591346153846154 0.046875 0.10697115384615384
10 0.2824519230769231 0.6057692307692307 0.057692307692307696 0.11538461538461539
10 0.3137019230769231 0.04447115384615385 0.04807692307692308 0.0889423076923077
12 0.23557692307692307 0.04447115384615385 0.05889423076923077 0.08774038461538461
12 0.6730769230769231 0.7283653846153846 0.06971153846153846 0.1502403846153846