8 0.1622596153846154 0.2956730769230769 0.0829326923076923 0.21514423076923078
10 0.27403846153846156 0.16466346153846154 0.06009615384615385 0.109375
10 0.25841346153846156 0.33774038461538464 0.0625 0.11899038461538461
12 0.4375 0.3293269230769231 0.0625 0.140625
7 0.44471153846153844 0.4326923076923077 0.0673076923076923 0.15144230769230768
10 0.3557692307692308 0.5625 0.06610576923076923 0.12139423076923077
11 0.7824519230769231 0.3112980769230769 0.07692307692307693 0.18509615384615385
2 0.7007211538461539 0.30408653846153844 0.08413461538461539 0.20673076923076922
6 0.2692307692307692 0.06370192307692307 0.0625 0.12740384615384615
4 0.34615384615384615 0.4411057692307692 0.056490384615384616 0.12139423076923077
4 0.5456730769230769 0.6670673076923077 0.06490384615384616 0.12139423076923077
4 0.59375 0.3389423076923077 0.054086538461538464 0.1201923076923077