8 0.17427884615384615 0.29927884615384615 0.08533653846153846 0.22115384615384615
10 0.28846153846153844 0.16466346153846154 0.06129807692307692 0.11298076923076923
10 0.27283653846153844 0.34375 0.06490384615384616 0.12259615384615384
12 0.4567307692307692 0.33413461538461536 0.06370192307692307 0.14423076923076922
7 0.4651442307692308 0.4411057692307692 0.06850961538461539 0.15625
10 0.3737980769230769 0.5745192307692307 0.06850961538461539 0.125
11 0.8100961538461539 0.3161057692307692 0.07932692307692307 0.19110576923076922
2 0.7271634615384616 0.3076923076923077 0.08533653846153846 0.2127403846153846
6 0.28365384615384615 0.06370192307692307 0.0673076923076923 0.12740384615384615
4 0.3629807692307692 0.4483173076923077 0.05889423076923077 0.12379807692307693
4 0.5673076923076923 0.6814903846153846 0.06610576923076923 0.125
4 0.6165865384615384 0.34375 0.055288461538461536 0.12379807692307693