8 0.15985576923076922 0.3004807692307692 0.08173076923076923 0.21394230769230768
10 0.2704326923076923 0.16947115384615385 0.05889423076923077 0.10817307692307693
10 0.2548076923076923 0.3425480769230769 0.0625 0.11778846153846154
12 0.43149038461538464 0.33413461538461536 0.06129807692307692 0.13942307692307693
7 0.43990384615384615 0.4362980769230769 0.06610576923076923 0.1502403846153846
10 0.35096153846153844 0.5649038461538461 0.06490384615384616 0.1201923076923077
11 0.7728365384615384 0.3161057692307692 0.07692307692307693 0.18389423076923078
2 0.6923076923076923 0.3076923076923077 0.0829326923076923 0.20552884615384615
6 0.265625 0.06850961538461539 0.06129807692307692 0.12740384615384615
4 0.34134615384615385 0.44471153846153844 0.056490384615384616 0.1201923076923077
4 0.5384615384615384 0.6682692307692307 0.06370192307692307 0.1201923076923077
4 0.5865384615384616 0.3425480769230769 0.052884615384615384 0.11899038461538461