2 0.7752403846153846 0.296875 0.0829326923076923 0.2127403846153846
1 0.6033653846153846 0.15264423076923078 0.05048076923076923 0.14302884615384615
6 0.5757211538461539 0.07451923076923077 0.06370192307692307 0.13221153846153846
6 0.5252403846153846 0.4375 0.07211538461538461 0.15865384615384615
4 0.6875 0.3389423076923077 0.057692307692307696 0.11778846153846154
4 0.7487980769230769 0.78125 0.06129807692307692 0.12379807692307693
4 0.5492788461538461 0.6706730769230769 0.06370192307692307 0.12620192307692307
4 0.6117788461538461 0.5360576923076923 0.056490384615384616 0.12860576923076922
4 0.4182692307692308 0.17668269230769232 0.051682692307692304 0.10697115384615384
4 0.4951923076923077 0.17307692307692307 0.056490384615384616 0.10817307692307693
3 0.6021634615384616 0.3329326923076923 0.0673076923076923 0.15384615384615385
3 0.44591346153846156 0.7800480769230769 0.07211538461538461 0.16706730769230768
11 0.3485576923076923 0.14182692307692307 0.0673076923076923 0.18269230769230768
9 0.23677884615384615 0.7932692307692307 0.08774038461538461 0.16466346153846154
12 0.19831730769230768 0.08413461538461539 0.06490384615384616 0.12860576923076922
7 0.3581730769230769 0.42788461538461536 0.06850961538461539 0.15625
7 0.18990384615384615 0.1466346153846154 0.06370192307692307 0.1622596153846154
8 0.15865384615384615 0.40865384615384615 0.09375 0.20793269230769232
10 0.41466346153846156 0.07932692307692307 0.057692307692307696 0.11177884615384616
10 0.27524038461538464 0.1622596153846154 0.056490384615384616 0.11538461538461539
10 0.25961538461538464 0.33413461538461536 0.04927884615384615 0.1141826923076923
10 0.25961538461538464 0.4375 0.06009615384615385 0.11899038461538461
10 0.3581730769230769 0.5612980769230769 0.06610576923076923 0.12620192307692307