2 0.7752403846153846 0.3004807692307692 0.08413461538461539 0.21394230769230768
1 0.6009615384615384 0.15504807692307693 0.051682692307692304 0.14543269230769232
6 0.5733173076923077 0.07572115384615384 0.06370192307692307 0.13341346153846154
6 0.5216346153846154 0.4423076923076923 0.07211538461538461 0.15985576923076922
4 0.6862980769230769 0.3425480769230769 0.05889423076923077 0.11899038461538461
4 0.7487980769230769 0.7884615384615384 0.0625 0.125
4 0.546875 0.6766826923076923 0.06490384615384616 0.12740384615384615
4 0.6105769230769231 0.5420673076923077 0.056490384615384616 0.12980769230769232
4 0.41466346153846156 0.17908653846153846 0.051682692307692304 0.10817307692307693
4 0.49158653846153844 0.17548076923076922 0.056490384615384616 0.109375
3 0.5997596153846154 0.33653846153846156 0.06850961538461539 0.15504807692307693
3 0.4423076923076923 0.7884615384615384 0.0733173076923077 0.16826923076923078
11 0.34375 0.14423076923076922 0.0673076923076923 0.18509615384615385
9 0.23076923076923078 0.8016826923076923 0.0889423076923077 0.1658653846153846
12 0.19110576923076922 0.08533653846153846 0.06490384615384616 0.12980769230769232
7 0.35336538461538464 0.4326923076923077 0.06971153846153846 0.15865384615384615
7 0.18269230769230768 0.14903846153846154 0.06490384615384616 0.16466346153846154
8 0.15144230769230768 0.41346153846153844 0.09495192307692307 0.21033653846153846
10 0.4110576923076923 0.08052884615384616 0.05889423076923077 0.11298076923076923
10 0.2692307692307692 0.16466346153846154 0.056490384615384616 0.11658653846153846
10 0.2536057692307692 0.33774038461538464 0.05048076923076923 0.11538461538461539
10 0.2548076923076923 0.4423076923076923 0.06009615384615385 0.1201923076923077
10 0.35336538461538464 0.5673076923076923 0.06610576923076923 0.12740384615384615