2 0.7884615384615384 0.29086538461538464 0.08533653846153846 0.21754807692307693
1 0.6105769230769231 0.14302884615384615 0.051682692307692304 0.1466346153846154
6 0.5829326923076923 0.06610576923076923 0.06490384615384616 0.13221153846153846
6 0.53125 0.43509615384615385 0.0733173076923077 0.1622596153846154
4 0.6983173076923077 0.33413461538461536 0.05889423076923077 0.1201923076923077
4 0.7608173076923077 0.7872596153846154 0.06370192307692307 0.12740384615384615
4 0.5552884615384616 0.6742788461538461 0.06610576923076923 0.12980769230769232
4 0.6201923076923077 0.5360576923076923 0.057692307692307696 0.13221153846153846
4 0.421875 0.16826923076923078 0.052884615384615384 0.109375
4 0.5012019230769231 0.16346153846153846 0.057692307692307696 0.11177884615384616
3 0.609375 0.328125 0.06850961538461539 0.15865384615384615
3 0.45072115384615385 0.7872596153846154 0.07451923076923077 0.17067307692307693
11 0.34975961538461536 0.13221153846153846 0.06850961538461539 0.1875
9 0.234375 0.8004807692307693 0.09014423076923077 0.16947115384615385
12 0.19471153846153846 0.0733173076923077 0.06610576923076923 0.13221153846153846
7 0.359375 0.4254807692307692 0.07091346153846154 0.16105769230769232
7 0.18629807692307693 0.13701923076923078 0.06610576923076923 0.16706730769230768
8 0.15504807692307693 0.4050480769230769 0.09615384615384616 0.21394230769230768
10 0.4182692307692308 0.06850961538461539 0.05889423076923077 0.1141826923076923
10 0.27403846153846156 0.15264423076923078 0.057692307692307696 0.11899038461538461
10 0.25841346153846156 0.3293269230769231 0.05048076923076923 0.11778846153846154
10 0.25961538461538464 0.43509615384615385 0.06129807692307692 0.12259615384615384
10 0.359375 0.5612980769230769 0.0673076923076923 0.12860576923076922