11 0.3317307692307692 0.1310096153846154 0.07211538461538461 0.18870192307692307
8 0.14543269230769232 0.39663461538461536 0.08774038461538461 0.2247596153846154
12 0.1814903846153846 0.06850961538461539 0.06370192307692307 0.1346153846153846
7 0.16947115384615385 0.1310096153846154 0.06490384615384616 0.15504807692307693
7 0.3401442307692308 0.4170673076923077 0.0733173076923077 0.15504807692307693
9 0.21875 0.7848557692307693 0.09014423076923077 0.1814903846153846
10 0.4026442307692308 0.06850961538461539 0.04927884615384615 0.11538461538461539
10 0.25841346153846156 0.14783653846153846 0.05889423076923077 0.12379807692307693
10 0.24519230769230768 0.3293269230769231 0.057692307692307696 0.12379807692307693
10 0.2439903846153846 0.4266826923076923 0.0673076923076923 0.125
10 0.34615384615384615 0.5552884615384616 0.057692307692307696 0.12740384615384615
2 0.7668269230769231 0.2848557692307692 0.08413461538461539 0.203125
1 0.5877403846153846 0.140625 0.051682692307692304 0.1502403846153846
3 0.42788461538461536 0.7704326923076923 0.07692307692307693 0.171875
3 0.4254807692307692 0.23197115384615385 0.07451923076923077 0.13701923076923078
6 0.5600961538461539 0.06490384615384616 0.0625 0.12980769230769232
6 0.5144230769230769 0.4266826923076923 0.06610576923076923 0.13942307692307693
4 0.7391826923076923 0.7788461538461539 0.0625 0.125
4 0.4050480769230769 0.16466346153846154 0.054086538461538464 0.10697115384615384
4 0.48197115384615385 0.15745192307692307 0.052884615384615384 0.10697115384615384
4 0.6778846153846154 0.3293269230769231 0.04927884615384615 0.11298076923076923
4 0.5997596153846154 0.53125 0.057692307692307696 0.125
4 0.5324519230769231 0.6586538461538461 0.0625 0.1201923076923077