11 0.3485576923076923 0.13942307692307693 0.07211538461538461 0.18629807692307693
8 0.16466346153846154 0.4026442307692308 0.08653846153846154 0.22235576923076922
12 0.19951923076923078 0.07692307692307693 0.0625 0.13341346153846154
7 0.18870192307692307 0.13942307692307693 0.06490384615384616 0.15384615384615385
7 0.35697115384615385 0.4230769230769231 0.07211538461538461 0.15384615384615385
9 0.23677884615384615 0.7860576923076923 0.0889423076923077 0.18028846153846154
10 0.4182692307692308 0.078125 0.04927884615384615 0.1141826923076923
10 0.2764423076923077 0.15625 0.05889423076923077 0.12259615384615384
10 0.2620192307692308 0.33533653846153844 0.056490384615384616 0.12259615384615384
10 0.2620192307692308 0.43149038461538464 0.0673076923076923 0.12379807692307693
10 0.3629807692307692 0.5600961538461539 0.056490384615384616 0.12620192307692307
2 0.7788461538461539 0.2920673076923077 0.0829326923076923 0.20192307692307693
1 0.6021634615384616 0.14903846153846154 0.05048076923076923 0.14903846153846154
3 0.44471153846153844 0.7728365384615384 0.07572115384615384 0.17067307692307693
3 0.4423076923076923 0.23918269230769232 0.0733173076923077 0.13581730769230768
6 0.5745192307692307 0.07211538461538461 0.06009615384615385 0.12740384615384615
6 0.5288461538461539 0.43149038461538464 0.06490384615384616 0.13701923076923078
4 0.7512019230769231 0.78125 0.06129807692307692 0.12379807692307693
4 0.4206730769230769 0.171875 0.054086538461538464 0.10697115384615384
4 0.4963942307692308 0.16466346153846154 0.052884615384615384 0.10576923076923077
4 0.6911057692307693 0.33533653846153844 0.04927884615384615 0.11177884615384616
4 0.6141826923076923 0.5348557692307693 0.056490384615384616 0.12379807692307693
4 0.546875 0.6610576923076923 0.0625 0.11899038461538461