11 0.31971153846153844 0.1141826923076923 0.07451923076923077 0.1935096153846154
8 0.12860576923076922 0.3870192307692308 0.0889423076923077 0.23076923076923078
12 0.1658653846153846 0.06009615384615385 0.06610576923076923 0.11899038461538461
7 0.15384615384615385 0.1141826923076923 0.0673076923076923 0.15865384615384615
7 0.328125 0.40865384615384615 0.07572115384615384 0.15985576923076922
9 0.203125 0.7848557692307693 0.09254807692307693 0.18629807692307693
10 0.39302884615384615 0.055288461538461536 0.051682692307692304 0.11057692307692307
10 0.2439903846153846 0.1310096153846154 0.06129807692307692 0.12740384615384615
10 0.23076923076923078 0.3173076923076923 0.05889423076923077 0.12740384615384615
10 0.22956730769230768 0.4182692307692308 0.06971153846153846 0.12860576923076922
10 0.33413461538461536 0.5504807692307693 0.05889423076923077 0.12980769230769232
2 0.765625 0.27283653846153844 0.08533653846153846 0.2091346153846154
1 0.5829326923076923 0.125 0.052884615384615384 0.15384615384615385
3 0.4182692307692308 0.7716346153846154 0.07932692307692307 0.17668269230769232
3 0.41586538461538464 0.21754807692307693 0.07692307692307693 0.140625
6 0.5540865384615384 0.055288461538461536 0.0625 0.11057692307692307
6 0.5060096153846154 0.4182692307692308 0.06850961538461539 0.14302884615384615
4 0.7379807692307693 0.7800480769230769 0.06370192307692307 0.12860576923076922
4 0.3942307692307692 0.14903846153846154 0.056490384615384616 0.11057692307692307
4 0.4735576923076923 0.140625 0.054086538461538464 0.109375
4 0.6754807692307693 0.3173076923076923 0.05048076923076923 0.11538461538461539
4 0.5949519230769231 0.5252403846153846 0.05889423076923077 0.12860576923076922
4 0.5252403846153846 0.65625 0.06370192307692307 0.12379807692307693