6 0.5961538461538461 0.05889423076923077 0.052884615384615384 0.11778846153846154
6 0.8509615384615384 0.7379807692307693 0.07572115384615384 0.14783653846153846
2 0.8016826923076923 0.3629807692307692 0.07692307692307693 0.20552884615384615
5 0.6045673076923077 0.29086538461538464 0.06610576923076923 0.18509615384615385
4 0.7067307692307693 0.40024038461538464 0.054086538461538464 0.1141826923076923
4 0.6850961538461539 0.21995192307692307 0.04807692307692308 0.10576923076923077
4 0.6706730769230769 0.13221153846153846 0.04567307692307692 0.0985576923076923
4 0.5240384615384616 0.054086538461538464 0.04807692307692308 0.10817307692307693
4 0.6310096153846154 0.5060096153846154 0.046875 0.11177884615384616
4 0.5216346153846154 0.2980769230769231 0.04927884615384615 0.10576923076923077
3 0.59375 0.12259615384615384 0.04447115384615385 0.13221153846153846
3 0.44591346153846156 0.3918269230769231 0.07091346153846154 0.14423076923076922
7 0.44350961538461536 0.6045673076923077 0.06850961538461539 0.1466346153846154
8 0.16826923076923078 0.3605769230769231 0.08052884615384616 0.20793269230769232
11 0.36538461538461536 0.29086538461538464 0.06610576923076923 0.17548076923076922
9 0.36538461538461536 0.1875 0.056490384615384616 0.13822115384615385
9 0.15865384615384615 0.6033653846153846 0.08413461538461539 0.15745192307692307
12 0.25 0.7487980769230769 0.0733173076923077 0.140625
12 0.203125 0.05048076923076923 0.06009615384615385 0.10096153846153846
10 0.2608173076923077 0.6165865384615384 0.052884615384615384 0.1141826923076923
10 0.2824519230769231 0.05048076923076923 0.052884615384615384 0.10096153846153846
10 0.28725961538461536 0.21033653846153846 0.06009615384615385 0.10817307692307693
10 0.4387019230769231 0.2920673076923077 0.051682692307692304 0.11177884615384616
10 0.4483173076923077 0.7439903846153846 0.06490384615384616 0.12620192307692307