6 0.5757211538461539 0.04807692307692308 0.051682692307692304 0.09495192307692307
6 0.8341346153846154 0.7235576923076923 0.07572115384615384 0.1502403846153846
2 0.7836538461538461 0.3449519230769231 0.07692307692307693 0.20793269230769232
5 0.5853365384615384 0.27163461538461536 0.0673076923076923 0.1875
4 0.6887019230769231 0.38221153846153844 0.055288461538461536 0.11538461538461539
4 0.6658653846153846 0.19951923076923078 0.04807692307692308 0.10697115384615384
4 0.6514423076923077 0.11177884615384616 0.04567307692307692 0.09975961538461539
4 0.5024038461538461 0.04326923076923077 0.04807692307692308 0.08653846153846154
4 0.6117788461538461 0.4891826923076923 0.04807692307692308 0.11298076923076923
4 0.5012019230769231 0.27884615384615385 0.04927884615384615 0.10697115384615384
3 0.5745192307692307 0.10216346153846154 0.04447115384615385 0.13341346153846154
3 0.42427884615384615 0.3737980769230769 0.07091346153846154 0.14543269230769232
7 0.421875 0.5889423076923077 0.06850961538461539 0.14903846153846154
8 0.14302884615384615 0.34134615384615385 0.08173076923076923 0.2091346153846154
11 0.34375 0.2704326923076923 0.0673076923076923 0.17668269230769232
9 0.34375 0.16706730769230768 0.056490384615384616 0.13942307692307693
9 0.13341346153846154 0.5877403846153846 0.08533653846153846 0.15985576923076922
12 0.22716346153846154 0.734375 0.07451923076923077 0.14302884615384615
12 0.18028846153846154 0.040865384615384616 0.0625 0.08173076923076923
10 0.23798076923076922 0.6009615384615384 0.054086538461538464 0.11658653846153846
10 0.25961538461538464 0.039663461538461536 0.054086538461538464 0.07932692307692307
10 0.26322115384615385 0.18990384615384615 0.06009615384615385 0.109375
10 0.4170673076923077 0.27283653846153844 0.051682692307692304 0.11298076923076923
10 0.4266826923076923 0.7295673076923077 0.06490384615384616 0.12740384615384615