6 0.5961538461538461 0.056490384615384616 0.05048076923076923 0.11298076923076923
6 0.8509615384615384 0.7319711538461539 0.07572115384615384 0.14783653846153846
2 0.8016826923076923 0.359375 0.07572115384615384 0.20432692307692307
5 0.6057692307692307 0.28725961538461536 0.06610576923076923 0.18389423076923078
4 0.7079326923076923 0.39663461538461536 0.054086538461538464 0.11298076923076923
4 0.6850961538461539 0.21634615384615385 0.046875 0.1045673076923077
4 0.6706730769230769 0.12980769230769232 0.04567307692307692 0.0985576923076923
4 0.5252403846153846 0.052884615384615384 0.04807692307692308 0.10576923076923077
4 0.6322115384615384 0.5012019230769231 0.046875 0.11057692307692307
4 0.5228365384615384 0.29447115384615385 0.04927884615384615 0.1045673076923077
3 0.5949519230769231 0.1201923076923077 0.04326923076923077 0.1310096153846154
3 0.44711538461538464 0.3870192307692308 0.06971153846153846 0.14302884615384615
7 0.44591346153846156 0.5997596153846154 0.06850961538461539 0.1466346153846154
8 0.17067307692307693 0.3557692307692308 0.08052884615384616 0.20673076923076922
11 0.36778846153846156 0.28725961538461536 0.06610576923076923 0.17427884615384615
9 0.36778846153846156 0.18389423076923078 0.056490384615384616 0.13701923076923078
9 0.16105769230769232 0.5985576923076923 0.08413461538461539 0.15745192307692307
12 0.25240384615384615 0.7427884615384616 0.0733173076923077 0.140625
12 0.20552884615384615 0.04927884615384615 0.05889423076923077 0.0985576923076923
10 0.26322115384615385 0.6105769230769231 0.052884615384615384 0.1141826923076923
10 0.2848557692307692 0.04927884615384615 0.052884615384615384 0.0985576923076923
10 0.28966346153846156 0.20673076923076922 0.05889423076923077 0.10817307692307693
10 0.43990384615384615 0.28846153846153844 0.05048076923076923 0.11177884615384616
10 0.4495192307692308 0.7379807692307693 0.06490384615384616 0.125