1 0.7127403846153846 0.609375 0.06129807692307692 0.15264423076923078
6 0.5865384615384616 0.054086538461538464 0.057692307692307696 0.10817307692307693
6 0.8461538461538461 0.7331730769230769 0.06850961538461539 0.13822115384615385
2 0.796875 0.359375 0.08173076923076923 0.20432692307692307
5 0.5985576923076923 0.27884615384615385 0.06009615384615385 0.16947115384615385
1 0.5252403846153846 0.49399038461538464 0.054086538461538464 0.140625
4 0.6778846153846154 0.21634615384615385 0.046875 0.10096153846153846
4 0.6682692307692307 0.1310096153846154 0.040865384615384616 0.09735576923076923
4 0.7007211538461539 0.39663461538461536 0.04927884615384615 0.11177884615384616
4 0.7115384615384616 0.5036057692307693 0.051682692307692304 0.1045673076923077
4 0.6454326923076923 0.75 0.054086538461538464 0.11899038461538461
4 0.6165865384615384 0.6153846153846154 0.052884615384615384 0.10576923076923077
4 0.5132211538461539 0.2920673076923077 0.046875 0.10096153846153846
4 0.5180288461538461 0.054086538461538464 0.04567307692307692 0.10817307692307693
3 0.5877403846153846 0.11538461538461539 0.056490384615384616 0.13341346153846154
3 0.43509615384615385 0.3894230769230769 0.0673076923076923 0.13822115384615385
11 0.17427884615384615 0.2668269230769231 0.07091346153846154 0.18028846153846154
8 0.15865384615384615 0.3557692307692308 0.07572115384615384 0.20072115384615385
12 0.24278846153846154 0.7415865384615384 0.06490384615384616 0.14182692307692307
12 0.19471153846153846 0.04567307692307692 0.06129807692307692 0.09134615384615384
7 0.3545673076923077 0.04927884615384615 0.04807692307692308 0.09735576923076923
7 0.14302884615384615 0.4831730769230769 0.06490384615384616 0.140625
9 0.35697115384615385 0.18629807692307693 0.056490384615384616 0.14182692307692307
9 0.15264423076923078 0.6045673076923077 0.07091346153846154 0.14783653846153846
10 0.43149038461538464 0.2932692307692308 0.04326923076923077 0.10576923076923077
10 0.42427884615384615 0.12379807692307693 0.04927884615384615 0.10817307692307693
10 0.27524038461538464 0.046875 0.04807692307692308 0.09375
10 0.27163461538461536 0.21153846153846154 0.04927884615384615 0.10216346153846154
10 0.26322115384615385 0.40024038461538464 0.057692307692307696 0.09975961538461539
10 0.2548076923076923 0.5072115384615384 0.04807692307692308 0.10817307692307693
10 0.2548076923076923 0.6165865384615384 0.056490384615384616 0.1141826923076923
10 0.44471153846153844 0.7415865384615384 0.056490384615384616 0.11778846153846154