1 0.7259615384615384 0.6237980769230769 0.06129807692307692 0.15144230769230768
6 0.6009615384615384 0.0673076923076923 0.056490384615384616 0.1141826923076923
6 0.8581730769230769 0.7475961538461539 0.0673076923076923 0.13701923076923078
2 0.8088942307692307 0.375 0.08052884615384616 0.203125
5 0.6117788461538461 0.2956730769230769 0.06009615384615385 0.16947115384615385
1 0.5396634615384616 0.5096153846153846 0.054086538461538464 0.13942307692307693
4 0.6911057692307693 0.234375 0.046875 0.09975961538461539
4 0.6814903846153846 0.14903846153846154 0.040865384615384616 0.09615384615384616
4 0.7139423076923077 0.41225961538461536 0.04807692307692308 0.11057692307692307
4 0.7247596153846154 0.5180288461538461 0.051682692307692304 0.1045673076923077
4 0.6586538461538461 0.7632211538461539 0.052884615384615384 0.11778846153846154
4 0.6310096153846154 0.6298076923076923 0.052884615384615384 0.10576923076923077
4 0.5276442307692307 0.3076923076923077 0.04567307692307692 0.10096153846153846
4 0.53125 0.07091346153846154 0.04326923076923077 0.10576923076923077
3 0.6021634615384616 0.13341346153846154 0.055288461538461536 0.13341346153846154
3 0.4495192307692308 0.40625 0.06610576923076923 0.13701923076923078
11 0.19110576923076922 0.28365384615384615 0.07091346153846154 0.18028846153846154
8 0.17548076923076922 0.37259615384615385 0.07451923076923077 0.19951923076923078
12 0.25841346153846156 0.7548076923076923 0.06490384615384616 0.14182692307692307
12 0.21033653846153846 0.054086538461538464 0.06129807692307692 0.10817307692307693
7 0.3701923076923077 0.057692307692307696 0.046875 0.1141826923076923
7 0.15985576923076922 0.4987980769230769 0.06370192307692307 0.140625
9 0.37259615384615385 0.203125 0.056490384615384616 0.14182692307692307
9 0.16947115384615385 0.6189903846153846 0.06971153846153846 0.1466346153846154
10 0.44591346153846156 0.31009615384615385 0.04326923076923077 0.10576923076923077
10 0.4387019230769231 0.14182692307692307 0.04927884615384615 0.10697115384615384
10 0.28966346153846156 0.057692307692307696 0.04807692307692308 0.10576923076923077
10 0.28725961538461536 0.2283653846153846 0.04927884615384615 0.10216346153846154
10 0.27884615384615385 0.4170673076923077 0.056490384615384616 0.09975961538461539
10 0.2704326923076923 0.5228365384615384 0.04807692307692308 0.10697115384615384
10 0.2704326923076923 0.6310096153846154 0.055288461538461536 0.1141826923076923
10 0.45913461538461536 0.7548076923076923 0.056490384615384616 0.11778846153846154