1 0.7211538461538461 0.6213942307692307 0.06129807692307692 0.15144230769230768
6 0.5949519230769231 0.06490384615384616 0.056490384615384616 0.1141826923076923
6 0.8533653846153846 0.7451923076923077 0.0673076923076923 0.13701923076923078
2 0.8040865384615384 0.37259615384615385 0.08052884615384616 0.203125
5 0.6069711538461539 0.2932692307692308 0.06009615384615385 0.16947115384615385
1 0.5348557692307693 0.5072115384615384 0.054086538461538464 0.13942307692307693
4 0.6862980769230769 0.23076923076923078 0.046875 0.09975961538461539
4 0.6766826923076923 0.1466346153846154 0.040865384615384616 0.09615384615384616
4 0.7091346153846154 0.4098557692307692 0.04807692307692308 0.11057692307692307
4 0.7199519230769231 0.515625 0.051682692307692304 0.1045673076923077
4 0.6538461538461539 0.7608173076923077 0.052884615384615384 0.11778846153846154
4 0.625 0.6274038461538461 0.052884615384615384 0.10576923076923077
4 0.5228365384615384 0.30528846153846156 0.04567307692307692 0.10096153846153846
4 0.5264423076923077 0.0673076923076923 0.04326923076923077 0.10576923076923077
3 0.5973557692307693 0.12980769230769232 0.055288461538461536 0.13341346153846154
3 0.44471153846153844 0.40384615384615385 0.06610576923076923 0.13701923076923078
11 0.18629807692307693 0.28125 0.07091346153846154 0.18028846153846154
8 0.16947115384615385 0.36899038461538464 0.07451923076923077 0.19951923076923078
12 0.2536057692307692 0.7524038461538461 0.06490384615384616 0.14182692307692307
12 0.20552884615384615 0.052884615384615384 0.06129807692307692 0.10576923076923077
7 0.36538461538461536 0.056490384615384616 0.04807692307692308 0.11298076923076923
7 0.15504807692307693 0.4951923076923077 0.06370192307692307 0.140625
9 0.36778846153846156 0.20072115384615385 0.056490384615384616 0.14182692307692307
9 0.16466346153846154 0.6165865384615384 0.06971153846153846 0.1466346153846154
10 0.4411057692307692 0.30649038461538464 0.04326923076923077 0.10576923076923077
10 0.4338942307692308 0.13942307692307693 0.04927884615384615 0.10697115384615384
10 0.2848557692307692 0.055288461538461536 0.04807692307692308 0.10576923076923077
10 0.2824519230769231 0.22596153846153846 0.04927884615384615 0.10216346153846154
10 0.27403846153846156 0.41466346153846156 0.056490384615384616 0.09975961538461539
10 0.265625 0.5204326923076923 0.04807692307692308 0.10697115384615384
10 0.265625 0.6286057692307693 0.055288461538461536 0.1141826923076923
10 0.4543269230769231 0.7524038461538461 0.056490384615384616 0.11778846153846154