5 0.5228365384615384 0.421875 0.07091346153846154 0.17668269230769232
2 0.7764423076923077 0.296875 0.08052884615384616 0.2127403846153846
6 0.7932692307692307 0.4387019230769231 0.07211538461538461 0.13581730769230768
4 0.7475961538461539 0.7908653846153846 0.06610576923076923 0.1201923076923077
4 0.6875 0.34375 0.051682692307692304 0.11057692307692307
4 0.515625 0.2608173076923077 0.04807692307692308 0.11899038461538461
4 0.5444711538461539 0.6694711538461539 0.06009615384615385 0.125
4 0.609375 0.5396634615384616 0.05889423076923077 0.11658653846153846
4 0.49278846153846156 0.16706730769230768 0.051682692307692304 0.11298076923076923
6 0.5733173076923077 0.08052884615384616 0.056490384615384616 0.125
1 0.6009615384615384 0.15625 0.054086538461538464 0.1502403846153846
1 0.35216346153846156 0.5408653846153846 0.07932692307692307 0.14783653846153846
9 0.35216346153846156 0.32091346153846156 0.0625 0.13581730769230768
9 0.23798076923076922 0.7956730769230769 0.08413461538461539 0.15384615384615385
12 0.19831730769230768 0.08533653846153846 0.0625 0.12980769230769232
11 0.3449519230769231 0.14783653846153846 0.06971153846153846 0.17548076923076922
8 0.16105769230769232 0.4074519230769231 0.09254807692307693 0.21514423076923078
7 0.18509615384615385 0.14783653846153846 0.0625 0.1466346153846154
7 0.3581730769230769 0.43028846153846156 0.0673076923076923 0.14783653846153846
10 0.41466346153846156 0.08413461538461539 0.05048076923076923 0.1045673076923077
10 0.4170673076923077 0.24278846153846154 0.055288461538461536 0.11298076923076923
10 0.27163461538461536 0.16346153846153846 0.052884615384615384 0.11177884615384616
10 0.25961538461538464 0.33533653846153844 0.055288461538461536 0.11778846153846154
10 0.25961538461538464 0.4387019230769231 0.06129807692307692 0.11298076923076923
10 0.24639423076923078 0.6658653846153846 0.06490384615384616 0.12139423076923077