5 0.5240384615384616 0.42427884615384615 0.07091346153846154 0.1778846153846154
2 0.7788461538461539 0.29927884615384615 0.08173076923076923 0.21394230769230768
6 0.7956730769230769 0.4411057692307692 0.07211538461538461 0.13701923076923078
4 0.7487980769230769 0.7956730769230769 0.06610576923076923 0.12139423076923077
4 0.6899038461538461 0.34615384615384615 0.051682692307692304 0.11177884615384616
4 0.5168269230769231 0.26322115384615385 0.04927884615384615 0.1201923076923077
4 0.5456730769230769 0.6730769230769231 0.06009615384615385 0.12620192307692307
4 0.6105769230769231 0.5432692307692307 0.05889423076923077 0.11778846153846154
4 0.49278846153846156 0.16826923076923078 0.051682692307692304 0.1141826923076923
6 0.5745192307692307 0.08173076923076923 0.056490384615384616 0.12620192307692307
1 0.6033653846153846 0.15745192307692307 0.054086538461538464 0.15144230769230768
1 0.35216346153846156 0.5444711538461539 0.08052884615384616 0.14903846153846154
9 0.35216346153846156 0.3233173076923077 0.0625 0.13581730769230768
9 0.23798076923076922 0.8004807692307693 0.08413461538461539 0.15504807692307693
12 0.1971153846153846 0.08653846153846154 0.0625 0.1310096153846154
11 0.3449519230769231 0.14903846153846154 0.06971153846153846 0.17668269230769232
8 0.16105769230769232 0.4098557692307692 0.09254807692307693 0.21634615384615385
7 0.18389423076923078 0.14903846153846154 0.06370192307692307 0.14783653846153846
7 0.3581730769230769 0.4326923076923077 0.0673076923076923 0.14783653846153846
10 0.41466346153846156 0.08533653846153846 0.05048076923076923 0.10576923076923077
10 0.4182692307692308 0.24519230769230768 0.055288461538461536 0.1141826923076923
10 0.27163461538461536 0.16466346153846154 0.052884615384615384 0.11177884615384616
10 0.25961538461538464 0.33774038461538464 0.055288461538461536 0.11899038461538461
10 0.25961538461538464 0.4411057692307692 0.06129807692307692 0.1141826923076923
10 0.24639423076923078 0.6706730769230769 0.06610576923076923 0.12139423076923077