5 0.5228365384615384 0.41947115384615385 0.06971153846153846 0.17668269230769232
2 0.7740384615384616 0.29447115384615385 0.08052884615384616 0.21153846153846154
6 0.7920673076923077 0.43509615384615385 0.07091346153846154 0.13581730769230768
4 0.7463942307692307 0.7860576923076923 0.06610576923076923 0.1201923076923077
4 0.6862980769230769 0.34134615384615385 0.05048076923076923 0.11057692307692307
4 0.515625 0.25841346153846156 0.04807692307692308 0.11899038461538461
4 0.5444711538461539 0.6646634615384616 0.05889423076923077 0.12379807692307693
4 0.6081730769230769 0.5360576923076923 0.05889423076923077 0.11658653846153846
4 0.49278846153846156 0.1658653846153846 0.051682692307692304 0.11298076923076923
6 0.5733173076923077 0.08052884615384616 0.056490384615384616 0.12379807692307693
1 0.6009615384615384 0.15384615384615385 0.052884615384615384 0.14903846153846154
1 0.35216346153846156 0.5372596153846154 0.07932692307692307 0.14783653846153846
9 0.35336538461538464 0.31850961538461536 0.06129807692307692 0.1346153846153846
9 0.2403846153846154 0.7908653846153846 0.08413461538461539 0.15384615384615385
12 0.19951923076923078 0.08413461538461539 0.0625 0.12980769230769232
11 0.34615384615384615 0.1466346153846154 0.06971153846153846 0.17427884615384615
8 0.16346153846153846 0.40384615384615385 0.09134615384615384 0.21394230769230768
7 0.18629807692307693 0.1466346153846154 0.0625 0.1466346153846154
7 0.359375 0.42788461538461536 0.06610576923076923 0.1466346153846154
10 0.41586538461538464 0.0829326923076923 0.04927884615384615 0.1045673076923077
10 0.4182692307692308 0.24158653846153846 0.054086538461538464 0.11298076923076923
10 0.27283653846153844 0.16105769230769232 0.052884615384615384 0.11177884615384616
10 0.2608173076923077 0.3329326923076923 0.055288461538461536 0.11778846153846154
10 0.2608173076923077 0.43509615384615385 0.06129807692307692 0.11298076923076923
10 0.24879807692307693 0.6622596153846154 0.06490384615384616 0.1201923076923077