12 0.16105769230769232 0.078125 0.0625 0.1310096153846154
8 0.12740384615384615 0.30649038461538464 0.09014423076923077 0.2127403846153846
7 0.14783653846153846 0.13942307692307693 0.06129807692307692 0.15264423076923078
11 0.3173076923076923 0.13701923076923078 0.0733173076923077 0.1935096153846154
9 0.20072115384615385 0.8161057692307693 0.09014423076923077 0.1658653846153846
10 0.23918269230769232 0.15865384615384615 0.054086538461538464 0.11778846153846154
10 0.2247596153846154 0.3401442307692308 0.054086538461538464 0.11538461538461539
10 0.22596153846153846 0.44591346153846156 0.06009615384615385 0.11899038461538461
10 0.328125 0.5769230769230769 0.0625 0.11778846153846154
2 0.765625 0.29927884615384615 0.09134615384615384 0.21634615384615385
1 0.5829326923076923 0.15144230769230768 0.056490384615384616 0.15985576923076922
6 0.5540865384615384 0.06971153846153846 0.057692307692307696 0.13822115384615385
6 0.49158653846153844 0.34615384615384615 0.06370192307692307 0.14182692307692307
3 0.21153846153846154 0.6610576923076923 0.078125 0.17427884615384615
3 0.32091346153846156 0.44591346153846156 0.06850961538461539 0.15985576923076922
4 0.39663461538461536 0.17668269230769232 0.054086538461538464 0.1141826923076923
4 0.6754807692307693 0.3449519230769231 0.04927884615384615 0.11899038461538461
4 0.5024038461538461 0.8341346153846154 0.06129807692307692 0.125
4 0.5252403846153846 0.6862980769230769 0.05889423076923077 0.12139423076923077
4 0.5925480769230769 0.5528846153846154 0.057692307692307696 0.125