12 0.19230769230769232 0.08653846153846154 0.06009615384615385 0.12620192307692307
8 0.15985576923076922 0.30528846153846156 0.08653846153846154 0.20432692307692307
7 0.17908653846153846 0.14543269230769232 0.05889423076923077 0.1466346153846154
11 0.3425480769230769 0.14302884615384615 0.07091346153846154 0.18509615384615385
9 0.22956730769230768 0.7932692307692307 0.08653846153846154 0.15865384615384615
10 0.2668269230769231 0.16346153846153846 0.051682692307692304 0.11298076923076923
10 0.2536057692307692 0.33653846153846156 0.051682692307692304 0.11057692307692307
10 0.2536057692307692 0.4387019230769231 0.056490384615384616 0.1141826923076923
10 0.35216346153846156 0.5649038461538461 0.06009615384615385 0.11298076923076923
2 0.7716346153846154 0.2980769230769231 0.08774038461538461 0.20793269230769232
1 0.5961538461538461 0.15625 0.054086538461538464 0.15264423076923078
6 0.5685096153846154 0.07572115384615384 0.055288461538461536 0.13581730769230768
6 0.5084134615384616 0.3425480769230769 0.06129807692307692 0.13581730769230768
3 0.2403846153846154 0.6454326923076923 0.07451923076923077 0.16706730769230768
3 0.3449519230769231 0.4387019230769231 0.06490384615384616 0.15384615384615385
4 0.4182692307692308 0.18028846153846154 0.051682692307692304 0.109375
4 0.6850961538461539 0.3425480769230769 0.04807692307692308 0.1141826923076923
4 0.5192307692307693 0.8112980769230769 0.05889423076923077 0.1201923076923077
4 0.5408653846153846 0.6694711538461539 0.056490384615384616 0.11658653846153846
4 0.6057692307692307 0.5408653846153846 0.055288461538461536 0.1201923076923077