12 0.20072115384615385 0.0733173076923077 0.06009615384615385 0.12740384615384615
8 0.16826923076923078 0.2932692307692308 0.08774038461538461 0.20673076923076922
7 0.1875 0.13221153846153846 0.05889423076923077 0.14783653846153846
11 0.35216346153846156 0.12980769230769232 0.07091346153846154 0.1875
9 0.23918269230769232 0.7860576923076923 0.08774038461538461 0.15985576923076922
10 0.2764423076923077 0.1502403846153846 0.052884615384615384 0.1141826923076923
10 0.2620192307692308 0.32572115384615385 0.051682692307692304 0.11177884615384616
10 0.26322115384615385 0.42788461538461536 0.057692307692307696 0.11538461538461539
10 0.3629807692307692 0.5552884615384616 0.06129807692307692 0.1141826923076923
2 0.7860576923076923 0.2860576923076923 0.0889423076923077 0.2091346153846154
1 0.609375 0.14302884615384615 0.054086538461538464 0.15384615384615385
6 0.5817307692307693 0.06610576923076923 0.057692307692307696 0.13221153846153846
6 0.5204326923076923 0.3317307692307692 0.0625 0.13701923076923078
3 0.25 0.6370192307692307 0.07572115384615384 0.16826923076923078
3 0.3545673076923077 0.42788461538461536 0.06610576923076923 0.15504807692307693
4 0.42908653846153844 0.16826923076923078 0.051682692307692304 0.11057692307692307
4 0.6983173076923077 0.33052884615384615 0.04807692307692308 0.11538461538461539
4 0.53125 0.8040865384615384 0.05889423076923077 0.12139423076923077
4 0.5540865384615384 0.6610576923076923 0.057692307692307696 0.11778846153846154
4 0.6189903846153846 0.53125 0.056490384615384616 0.12139423076923077