5 0.6141826923076923 0.2824519230769231 0.078125 0.18389423076923078
3 0.453125 0.39302884615384615 0.0733173076923077 0.14543269230769232
7 0.4483173076923077 0.5997596153846154 0.07091346153846154 0.15504807692307693
11 0.36778846153846156 0.2824519230769231 0.06971153846153846 0.18028846153846154
9 0.16706730769230768 0.5949519230769231 0.07692307692307693 0.16826923076923078
8 0.2704326923076923 0.3629807692307692 0.08173076923076923 0.203125
12 0.20793269230769232 0.05048076923076923 0.06370192307692307 0.10096153846153846
12 0.25721153846153844 0.7463942307692307 0.08533653846153846 0.14423076923076922
10 0.26322115384615385 0.6129807692307693 0.06490384615384616 0.11177884615384616
10 0.29086538461538464 0.20673076923076922 0.05889423076923077 0.10817307692307693
10 0.28846153846153844 0.04927884615384615 0.05889423076923077 0.0985576923076923
10 0.44711538461538464 0.2956730769230769 0.04807692307692308 0.1045673076923077
10 0.4567307692307692 0.7403846153846154 0.06610576923076923 0.12139423076923077
4 0.5288461538461539 0.052884615384615384 0.055288461538461536 0.10576923076923077
4 0.6935096153846154 0.22235576923076922 0.056490384615384616 0.11177884615384616
4 0.6766826923076923 0.13221153846153846 0.052884615384615384 0.10576923076923077
4 0.5276442307692307 0.29447115384615385 0.057692307692307696 0.10817307692307693
4 0.6346153846153846 0.5036057692307693 0.06009615384615385 0.12139423076923077
4 0.7127403846153846 0.40024038461538464 0.054086538461538464 0.11658653846153846
2 0.8076923076923077 0.36177884615384615 0.08413461538461539 0.21153846153846154
6 0.8569711538461539 0.7391826923076923 0.08533653846153846 0.14783653846153846