5 0.6021634615384616 0.28966346153846156 0.07692307692307693 0.17908653846153846
3 0.44471153846153844 0.39783653846153844 0.07211538461538461 0.14182692307692307
7 0.4411057692307692 0.5997596153846154 0.06971153846153846 0.15144230769230768
11 0.3629807692307692 0.28966346153846156 0.0673076923076923 0.17548076923076922
9 0.16706730769230768 0.5949519230769231 0.07572115384615384 0.16346153846153846
8 0.26802884615384615 0.36778846153846156 0.07932692307692307 0.1971153846153846
12 0.20673076923076922 0.056490384615384616 0.0625 0.11177884615384616
12 0.2548076923076923 0.7415865384615384 0.0829326923076923 0.140625
10 0.2608173076923077 0.6117788461538461 0.0625 0.10817307692307693
10 0.28725961538461536 0.21634615384615385 0.057692307692307696 0.10576923076923077
10 0.2848557692307692 0.057692307692307696 0.057692307692307696 0.1045673076923077
10 0.4387019230769231 0.30288461538461536 0.046875 0.10216346153846154
10 0.4495192307692308 0.7355769230769231 0.06490384615384616 0.11778846153846154
4 0.5192307692307693 0.06610576923076923 0.054086538461538464 0.10216346153846154
4 0.6790865384615384 0.23076923076923078 0.055288461538461536 0.109375
4 0.6634615384615384 0.14302884615384615 0.051682692307692304 0.10216346153846154
4 0.5180288461538461 0.3004807692307692 0.056490384615384616 0.10576923076923077
4 0.6225961538461539 0.5048076923076923 0.05889423076923077 0.11778846153846154
4 0.6983173076923077 0.4050480769230769 0.052884615384615384 0.1141826923076923
2 0.7908653846153846 0.36778846153846156 0.08173076923076923 0.20552884615384615
6 0.8389423076923077 0.734375 0.0829326923076923 0.14423076923076922