5 0.6045673076923077 0.27884615384615385 0.078125 0.18269230769230768
3 0.44350961538461536 0.3894230769230769 0.0733173076923077 0.14543269230769232
7 0.43990384615384615 0.5949519230769231 0.07091346153846154 0.15384615384615385
11 0.359375 0.27884615384615385 0.06850961538461539 0.17908653846153846
9 0.15865384615384615 0.5901442307692307 0.07692307692307693 0.16706730769230768
8 0.2620192307692308 0.359375 0.08052884615384616 0.20192307692307693
12 0.19951923076923078 0.04927884615384615 0.06370192307692307 0.0985576923076923
12 0.24879807692307693 0.7403846153846154 0.08413461538461539 0.14302884615384615
10 0.2548076923076923 0.6081730769230769 0.06490384615384616 0.11057692307692307
10 0.2824519230769231 0.203125 0.05889423076923077 0.10817307692307693
10 0.2800480769230769 0.04807692307692308 0.05889423076923077 0.09615384615384616
10 0.4375 0.2920673076923077 0.046875 0.1045673076923077
10 0.4483173076923077 0.734375 0.06610576923076923 0.1201923076923077
4 0.5204326923076923 0.051682692307692304 0.056490384615384616 0.10336538461538461
4 0.6826923076923077 0.21875 0.056490384615384616 0.11177884615384616
4 0.6658653846153846 0.12980769230769232 0.052884615384615384 0.1045673076923077
4 0.5180288461538461 0.29086538461538464 0.057692307692307696 0.10817307692307693
4 0.625 0.4987980769230769 0.06009615384615385 0.1201923076923077
4 0.7019230769230769 0.39663461538461536 0.054086538461538464 0.11658653846153846
2 0.796875 0.3581730769230769 0.0829326923076923 0.21033653846153846
6 0.8461538461538461 0.7331730769230769 0.08533653846153846 0.1466346153846154