6 0.8677884615384616 0.7427884615384616 0.08052884615384616 0.14302884615384615
12 0.6622596153846154 0.7223557692307693 0.06850961538461539 0.14543269230769232
2 0.75 0.5925480769230769 0.0889423076923077 0.203125
5 0.6237980769230769 0.2764423076923077 0.0673076923076923 0.18028846153846154
4 0.7235576923076923 0.3942307692307692 0.057692307692307696 0.11658653846153846
4 0.7043269230769231 0.2127403846153846 0.05048076923076923 0.1141826923076923
4 0.6466346153846154 0.4963942307692308 0.04927884615384615 0.1141826923076923
3 0.4567307692307692 0.375 0.0673076923076923 0.140625
4 0.5372596153846154 0.2800480769230769 0.04567307692307692 0.1045673076923077
9 0.5324519230769231 0.10697115384615384 0.057692307692307696 0.140625
9 0.46153846153846156 0.7259615384615384 0.06971153846153846 0.15865384615384615
7 0.4543269230769231 0.5901442307692307 0.056490384615384616 0.1466346153846154
11 0.37740384615384615 0.2668269230769231 0.06129807692307692 0.18269230769230768
8 0.2800480769230769 0.34375 0.07091346153846154 0.21153846153846154
12 0.22355769230769232 0.038461538461538464 0.04927884615384615 0.07572115384615384
10 0.45552884615384615 0.2800480769230769 0.04927884615384615 0.10576923076923077
10 0.3004807692307692 0.037259615384615384 0.052884615384615384 0.07451923076923077
10 0.3004807692307692 0.18629807692307693 0.051682692307692304 0.109375
10 0.2692307692307692 0.5973557692307693 0.06370192307692307 0.11538461538461539