6 0.8774038461538461 0.7536057692307693 0.08173076923076923 0.14423076923076922
12 0.6694711538461539 0.7319711538461539 0.06971153846153846 0.1466346153846154
2 0.7584134615384616 0.6009615384615384 0.09014423076923077 0.20552884615384615
5 0.6298076923076923 0.28125 0.0673076923076923 0.18269230769230768
4 0.7319711538461539 0.40024038461538464 0.05889423076923077 0.11778846153846154
4 0.7127403846153846 0.21634615384615385 0.051682692307692304 0.11538461538461539
4 0.6538461538461539 0.5036057692307693 0.05048076923076923 0.11538461538461539
3 0.46153846153846156 0.38100961538461536 0.0673076923076923 0.14302884615384615
4 0.5432692307692307 0.2848557692307692 0.046875 0.10576923076923077
9 0.5384615384615384 0.11057692307692307 0.057692307692307696 0.14182692307692307
9 0.46634615384615385 0.7355769230769231 0.07091346153846154 0.15985576923076922
7 0.45913461538461536 0.5985576923076923 0.057692307692307696 0.14903846153846154
11 0.38221153846153844 0.27163461538461536 0.06129807692307692 0.18509615384615385
8 0.28365384615384615 0.34975961538461536 0.07091346153846154 0.2127403846153846
12 0.22596153846153846 0.039663461538461536 0.05048076923076923 0.07932692307692307
10 0.46033653846153844 0.2848557692307692 0.05048076923076923 0.10697115384615384
10 0.30408653846153844 0.038461538461538464 0.052884615384615384 0.07692307692307693
10 0.30408653846153844 0.18990384615384615 0.051682692307692304 0.11057692307692307
10 0.27163461538461536 0.6057692307692307 0.06370192307692307 0.11658653846153846