6 0.8521634615384616 0.7512019230769231 0.08052884615384616 0.14302884615384615
12 0.6454326923076923 0.7295673076923077 0.06850961538461539 0.14543269230769232
2 0.734375 0.5997596153846154 0.0889423076923077 0.203125
5 0.6069711538461539 0.28365384615384615 0.0673076923076923 0.18028846153846154
4 0.7079326923076923 0.4014423076923077 0.057692307692307696 0.11658653846153846
4 0.6887019230769231 0.21995192307692307 0.05048076923076923 0.1141826923076923
4 0.6310096153846154 0.5036057692307693 0.04927884615384615 0.1141826923076923
3 0.4411057692307692 0.38221153846153844 0.0673076923076923 0.140625
4 0.5216346153846154 0.28725961538461536 0.04567307692307692 0.1045673076923077
9 0.5168269230769231 0.1141826923076923 0.057692307692307696 0.140625
9 0.44591346153846156 0.7331730769230769 0.06971153846153846 0.15865384615384615
7 0.4387019230769231 0.5985576923076923 0.056490384615384616 0.1466346153846154
11 0.36177884615384615 0.27403846153846156 0.06129807692307692 0.18269230769230768
8 0.2644230769230769 0.35096153846153844 0.07091346153846154 0.21153846153846154
12 0.20673076923076922 0.042067307692307696 0.04927884615384615 0.0829326923076923
10 0.43990384615384615 0.28725961538461536 0.04927884615384615 0.10576923076923077
10 0.2848557692307692 0.040865384615384616 0.052884615384615384 0.08173076923076923
10 0.2848557692307692 0.1935096153846154 0.051682692307692304 0.109375
10 0.2536057692307692 0.6045673076923077 0.06370192307692307 0.11538461538461539