11 0.1502403846153846 0.2644230769230769 0.06971153846153846 0.1778846153846154
8 0.13221153846153846 0.3557692307692308 0.0733173076923077 0.20072115384615385
9 0.33653846153846156 0.1814903846153846 0.06009615384615385 0.14423076923076922
9 0.12620192307692307 0.6033653846153846 0.06971153846153846 0.14903846153846154
12 0.21995192307692307 0.75 0.06490384615384616 0.13942307692307693
12 0.171875 0.04447115384615385 0.057692307692307696 0.08774038461538461
7 0.11899038461538461 0.484375 0.06370192307692307 0.14543269230769232
7 0.33533653846153844 0.04326923076923077 0.055288461538461536 0.08653846153846154
10 0.4110576923076923 0.28725961538461536 0.042067307692307696 0.0985576923076923
10 0.40384615384615385 0.12259615384615384 0.039663461538461536 0.09975961538461539
10 0.2536057692307692 0.04447115384615385 0.04447115384615385 0.08774038461538461
10 0.24759615384615385 0.20793269230769232 0.04567307692307692 0.10336538461538461
10 0.24158653846153846 0.4050480769230769 0.055288461538461536 0.10216346153846154
10 0.23076923076923078 0.5108173076923077 0.04927884615384615 0.109375
10 0.23076923076923078 0.6177884615384616 0.051682692307692304 0.1141826923076923
10 0.421875 0.7439903846153846 0.055288461538461536 0.11298076923076923
3 0.5721153846153846 0.11177884615384616 0.04567307692307692 0.13822115384615385
3 0.41586538461538464 0.3870192307692308 0.0625 0.1466346153846154
5 0.7788461538461539 0.2776442307692308 0.06610576923076923 0.15384615384615385
2 0.78125 0.359375 0.078125 0.1935096153846154
6 0.5697115384615384 0.05048076923076923 0.04807692307692308 0.10096153846153846
6 0.8353365384615384 0.7463942307692307 0.07451923076923077 0.13701923076923078
1 0.7415865384615384 0.19471153846153846 0.04447115384615385 0.13942307692307693
1 0.6971153846153846 0.6177884615384616 0.06009615384615385 0.14543269230769232
4 0.6947115384615384 0.5084134615384616 0.056490384615384616 0.10096153846153846
4 0.6838942307692307 0.39903846153846156 0.052884615384615384 0.109375
4 0.6009615384615384 0.6225961538461539 0.054086538461538464 0.10817307692307693
4 0.6262019230769231 0.7524038461538461 0.054086538461538464 0.11057692307692307
4 0.6598557692307693 0.21514423076923078 0.04807692307692308 0.09975961538461539
4 0.6490384615384616 0.12980769230769232 0.040865384615384616 0.10336538461538461
4 0.4987980769230769 0.04807692307692308 0.040865384615384616 0.09615384615384616
4 0.4951923076923077 0.29086538461538464 0.04326923076923077 0.10817307692307693