11 0.16706730769230768 0.2824519230769231 0.06850961538461539 0.17548076923076922
8 0.14783653846153846 0.37259615384615385 0.07211538461538461 0.1971153846153846
9 0.34975961538461536 0.20072115384615385 0.06009615384615385 0.14182692307692307
9 0.14302884615384615 0.6153846153846154 0.06850961538461539 0.1466346153846154
12 0.234375 0.7596153846153846 0.06370192307692307 0.13822115384615385
12 0.1875 0.054086538461538464 0.056490384615384616 0.10817307692307693
7 0.13581730769230768 0.4987980769230769 0.0625 0.14302884615384615
7 0.3473557692307692 0.052884615384615384 0.051682692307692304 0.10576923076923077
10 0.4230769230769231 0.30408653846153844 0.042067307692307696 0.09615384615384616
10 0.41586538461538464 0.14302884615384615 0.038461538461538464 0.09735576923076923
10 0.26802884615384615 0.05889423076923077 0.04326923076923077 0.09975961538461539
10 0.26322115384615385 0.22716346153846154 0.04447115384615385 0.10096153846153846
10 0.25600961538461536 0.4206730769230769 0.054086538461538464 0.10096153846153846
10 0.24639423076923078 0.5252403846153846 0.04807692307692308 0.10697115384615384
10 0.24519230769230768 0.6310096153846154 0.05048076923076923 0.11298076923076923
10 0.4338942307692308 0.7536057692307693 0.054086538461538464 0.11177884615384616
3 0.5817307692307693 0.13221153846153846 0.04567307692307692 0.13581730769230768
3 0.42788461538461536 0.4026442307692308 0.06129807692307692 0.14423076923076922
5 0.7848557692307693 0.2956730769230769 0.06490384615384616 0.15144230769230768
2 0.7872596153846154 0.3762019230769231 0.07692307692307693 0.18990384615384615
6 0.578125 0.0625 0.046875 0.11778846153846154
6 0.8401442307692307 0.7572115384615384 0.0733173076923077 0.1346153846153846
1 0.7487980769230769 0.21394230769230768 0.04326923076923077 0.13701923076923078
1 0.7043269230769231 0.6298076923076923 0.06009615384615385 0.14302884615384615
4 0.7019230769230769 0.5228365384615384 0.055288461538461536 0.09975961538461539
4 0.6911057692307693 0.41466346153846156 0.051682692307692304 0.10817307692307693
4 0.609375 0.6358173076923077 0.052884615384615384 0.10576923076923077
4 0.6346153846153846 0.7632211538461539 0.052884615384615384 0.10817307692307693
4 0.6670673076923077 0.234375 0.046875 0.09735576923076923
4 0.6574519230769231 0.14903846153846154 0.040865384615384616 0.10216346153846154
4 0.5084134615384616 0.06610576923076923 0.039663461538461536 0.09975961538461539
4 0.5060096153846154 0.3088942307692308 0.042067307692307696 0.10576923076923077