11 0.17427884615384615 0.2776442307692308 0.06971153846153846 0.1778846153846154
8 0.15625 0.36899038461538464 0.07211538461538461 0.19951923076923078
9 0.359375 0.19591346153846154 0.06009615384615385 0.14302884615384615
9 0.1502403846153846 0.6141826923076923 0.06971153846153846 0.14903846153846154
12 0.24278846153846154 0.7608173076923077 0.06490384615384616 0.13942307692307693
12 0.19471153846153846 0.051682692307692304 0.056490384615384616 0.10216346153846154
7 0.14302884615384615 0.49759615384615385 0.06370192307692307 0.14423076923076922
7 0.35697115384615385 0.05048076923076923 0.055288461538461536 0.10096153846153846
10 0.4338942307692308 0.3004807692307692 0.042067307692307696 0.09735576923076923
10 0.4254807692307692 0.13701923076923078 0.039663461538461536 0.0985576923076923
10 0.2764423076923077 0.051682692307692304 0.04326923076923077 0.09975961538461539
10 0.27163461538461536 0.22235576923076922 0.04567307692307692 0.10216346153846154
10 0.2644230769230769 0.4182692307692308 0.055288461538461536 0.10216346153846154
10 0.2548076923076923 0.5240384615384616 0.04927884615384615 0.10817307692307693
10 0.2536057692307692 0.6298076923076923 0.051682692307692304 0.1141826923076923
10 0.44471153846153844 0.7548076923076923 0.055288461538461536 0.11298076923076923
3 0.59375 0.12620192307692307 0.04567307692307692 0.13822115384615385
3 0.4387019230769231 0.40024038461538464 0.06129807692307692 0.14543269230769232
5 0.7992788461538461 0.29086538461538464 0.06610576923076923 0.15384615384615385
2 0.8016826923076923 0.37259615384615385 0.07692307692307693 0.19230769230769232
6 0.5913461538461539 0.057692307692307696 0.04807692307692308 0.11538461538461539
6 0.8557692307692307 0.7572115384615384 0.07451923076923077 0.13581730769230768
1 0.7620192307692307 0.2091346153846154 0.04326923076923077 0.13822115384615385
1 0.71875 0.6298076923076923 0.06009615384615385 0.14423076923076922
4 0.7151442307692307 0.5204326923076923 0.055288461538461536 0.09975961538461539
4 0.7043269230769231 0.4110576923076923 0.051682692307692304 0.109375
4 0.6225961538461539 0.6346153846153846 0.054086538461538464 0.10697115384615384
4 0.6478365384615384 0.7632211538461539 0.054086538461538464 0.109375
4 0.6802884615384616 0.2283653846153846 0.04807692307692308 0.0985576923076923
4 0.6706730769230769 0.14302884615384615 0.040865384615384616 0.10336538461538461
4 0.5204326923076923 0.06009615384615385 0.040865384615384616 0.09975961538461539
4 0.5168269230769231 0.30408653846153844 0.04326923076923077 0.10697115384615384