2 0.7319711538461539 0.6550480769230769 0.078125 0.20673076923076922
6 0.8641826923076923 0.8064903846153846 0.07211538461538461 0.14302884615384615
12 0.6502403846153846 0.7980769230769231 0.07211538461538461 0.14182692307692307
4 0.6814903846153846 0.25600961538461536 0.051682692307692304 0.10576923076923077
4 0.6274038461538461 0.5588942307692307 0.054086538461538464 0.10576923076923077
5 0.5961538461538461 0.3269230769230769 0.0673076923076923 0.18028846153846154
3 0.43149038461538464 0.44471153846153844 0.06490384615384616 0.1466346153846154
4 0.5084134615384616 0.3425480769230769 0.046875 0.10576923076923077
11 0.3449519230769231 0.33653846153846156 0.06971153846153846 0.1778846153846154
8 0.24639423076923078 0.4266826923076923 0.07091346153846154 0.20552884615384615
12 0.15625 0.2512019230769231 0.06610576923076923 0.13221153846153846
10 0.42427884615384615 0.3449519230769231 0.04807692307692308 0.1045673076923077
10 0.34615384615384615 0.17908653846153846 0.051682692307692304 0.11298076923076923
10 0.25841346153846156 0.08173076923076923 0.046875 0.10817307692307693
10 0.24158653846153846 0.6911057692307693 0.06009615384615385 0.12379807692307693