2 0.7295673076923077 0.6394230769230769 0.07692307692307693 0.203125
6 0.8605769230769231 0.7884615384615384 0.07091346153846154 0.140625
12 0.6490384615384616 0.7800480769230769 0.07091346153846154 0.13942307692307693
4 0.6814903846153846 0.24639423076923078 0.05048076923076923 0.1045673076923077
4 0.6274038461538461 0.5444711538461539 0.054086538461538464 0.10336538461538461
5 0.5961538461538461 0.3173076923076923 0.06610576923076923 0.1778846153846154
3 0.43509615384615385 0.4326923076923077 0.06370192307692307 0.14423076923076922
4 0.5096153846153846 0.3329326923076923 0.04567307692307692 0.10336538461538461
11 0.34975961538461536 0.32572115384615385 0.06850961538461539 0.17427884615384615
8 0.25240384615384615 0.41586538461538464 0.06971153846153846 0.20192307692307693
12 0.16466346153846154 0.24278846153846154 0.06490384615384616 0.12980769230769232
10 0.42788461538461536 0.33413461538461536 0.046875 0.10216346153846154
10 0.34975961538461536 0.171875 0.05048076923076923 0.11057692307692307
10 0.2644230769230769 0.07572115384615384 0.046875 0.10576923076923077
10 0.24759615384615385 0.6742788461538461 0.05889423076923077 0.12139423076923077