2 0.7307692307692307 0.6382211538461539 0.07451923076923077 0.19951923076923078
6 0.8569711538461539 0.7836538461538461 0.06971153846153846 0.13701923076923078
12 0.6514423076923077 0.7752403846153846 0.06971153846153846 0.13701923076923078
4 0.6814903846153846 0.25240384615384615 0.05048076923076923 0.10216346153846154
4 0.6298076923076923 0.5444711538461539 0.052884615384615384 0.10216346153846154
5 0.5997596153846154 0.32211538461538464 0.06490384615384616 0.17427884615384615
3 0.4411057692307692 0.43509615384615385 0.0625 0.140625
4 0.5144230769230769 0.33653846153846156 0.04447115384615385 0.10216346153846154
11 0.3581730769230769 0.33052884615384615 0.0673076923076923 0.171875
8 0.2620192307692308 0.4170673076923077 0.06850961538461539 0.19831730769230768
12 0.17548076923076922 0.24759615384615385 0.06370192307692307 0.12740384615384615
10 0.4338942307692308 0.3389423076923077 0.04567307692307692 0.10096153846153846
10 0.3581730769230769 0.17908653846153846 0.05048076923076923 0.10817307692307693
10 0.27403846153846156 0.08533653846153846 0.04567307692307692 0.10336538461538461
10 0.25721153846153844 0.671875 0.057692307692307696 0.11899038461538461