2 0.8016826923076923 0.2764423076923077 0.0829326923076923 0.2127403846153846
1 0.6213942307692307 0.125 0.056490384615384616 0.15865384615384615
1 0.37259615384615385 0.5276442307692307 0.06971153846153846 0.15625
3 0.6201923076923077 0.31490384615384615 0.06129807692307692 0.15625
3 0.46033653846153844 0.7800480769230769 0.08533653846153846 0.17067307692307693
6 0.5949519230769231 0.05889423076923077 0.056490384615384616 0.11778846153846154
6 0.5408653846153846 0.41947115384615385 0.06850961538461539 0.14543269230769232
4 0.7716346153846154 0.7824519230769231 0.07211538461538461 0.13581730769230768
4 0.7115384615384616 0.31971153846153844 0.056490384615384616 0.11538461538461539
4 0.5084134615384616 0.14423076923076922 0.04927884615384615 0.1141826923076923
4 0.43509615384615385 0.15144230769230768 0.05889423076923077 0.11538461538461539
4 0.6346153846153846 0.5276442307692307 0.05889423076923077 0.12259615384615384
4 0.5649038461538461 0.6586538461538461 0.06610576923076923 0.12980769230769232
8 0.16466346153846154 0.3894230769230769 0.08653846153846154 0.21995192307692307
9 0.24158653846153846 0.7872596153846154 0.07932692307692307 0.16826923076923078
11 0.3557692307692308 0.11658653846153846 0.06490384615384616 0.1875
12 0.20552884615384615 0.05889423076923077 0.06370192307692307 0.11778846153846154
7 0.36778846153846156 0.4050480769230769 0.06610576923076923 0.15504807692307693
7 0.19110576923076922 0.11899038461538461 0.06009615384615385 0.15384615384615385
10 0.4266826923076923 0.052884615384615384 0.056490384615384616 0.10576923076923077
10 0.28125 0.13822115384615385 0.054086538461538464 0.11298076923076923
10 0.2644230769230769 0.31490384615384615 0.054086538461538464 0.1141826923076923
10 0.2668269230769231 0.4206730769230769 0.0625 0.11778846153846154
10 0.25600961538461536 0.6598557692307693 0.06971153846153846 0.12620192307692307