2 0.7680288461538461 0.3004807692307692 0.08052884615384616 0.20673076923076922
1 0.59375 0.15384615384615385 0.054086538461538464 0.15384615384615385
1 0.35216346153846156 0.5444711538461539 0.0673076923076923 0.15144230769230768
3 0.5925480769230769 0.33774038461538464 0.05889423076923077 0.15144230769230768
3 0.4375 0.7896634615384616 0.08173076923076923 0.16466346153846154
6 0.5673076923076923 0.08052884615384616 0.055288461538461536 0.12980769230769232
6 0.515625 0.43990384615384615 0.0673076923076923 0.140625
4 0.7391826923076923 0.7908653846153846 0.06971153846153846 0.13221153846153846
4 0.6802884615384616 0.3425480769230769 0.055288461538461536 0.11177884615384616
4 0.484375 0.17307692307692307 0.04807692307692308 0.11057692307692307
4 0.41225961538461536 0.17908653846153846 0.056490384615384616 0.11177884615384616
4 0.6057692307692307 0.5444711538461539 0.056490384615384616 0.11778846153846154
4 0.5396634615384616 0.671875 0.06490384615384616 0.12620192307692307
8 0.1502403846153846 0.4098557692307692 0.08413461538461539 0.2127403846153846
9 0.2247596153846154 0.7956730769230769 0.07692307692307693 0.16346153846153846
11 0.33653846153846156 0.14543269230769232 0.06370192307692307 0.1814903846153846
12 0.18990384615384615 0.08173076923076923 0.06129807692307692 0.12740384615384615
7 0.3473557692307692 0.4254807692307692 0.06370192307692307 0.1502403846153846
7 0.17668269230769232 0.14783653846153846 0.057692307692307696 0.14903846153846154
10 0.4050480769230769 0.08052884615384616 0.054086538461538464 0.10697115384615384
10 0.26322115384615385 0.16706730769230768 0.051682692307692304 0.109375
10 0.24759615384615385 0.33774038461538464 0.052884615384615384 0.11057692307692307
10 0.25 0.43990384615384615 0.06129807692307692 0.1141826923076923
10 0.23918269230769232 0.671875 0.0673076923076923 0.12259615384615384