2 0.7692307692307693 0.3016826923076923 0.07932692307692307 0.20432692307692307
1 0.5973557692307693 0.15745192307692307 0.054086538461538464 0.15144230769230768
1 0.3581730769230769 0.5432692307692307 0.0673076923076923 0.1502403846153846
3 0.5949519230769231 0.3389423076923077 0.05889423076923077 0.1502403846153846
3 0.4411057692307692 0.7860576923076923 0.08173076923076923 0.16346153846153846
6 0.5709134615384616 0.08413461538461539 0.054086538461538464 0.12860576923076922
6 0.5192307692307693 0.43990384615384615 0.06610576923076923 0.13942307692307693
4 0.7403846153846154 0.7872596153846154 0.06971153846153846 0.12980769230769232
4 0.6826923076923077 0.3425480769230769 0.054086538461538464 0.11177884615384616
4 0.4891826923076923 0.17548076923076922 0.046875 0.109375
4 0.4182692307692308 0.18269230769230768 0.056490384615384616 0.11057692307692307
4 0.609375 0.5432692307692307 0.056490384615384616 0.11658653846153846
4 0.5432692307692307 0.6694711538461539 0.06370192307692307 0.125
8 0.15865384615384615 0.4098557692307692 0.0829326923076923 0.21033653846153846
9 0.23197115384615385 0.7920673076923077 0.07572115384615384 0.1622596153846154
11 0.3425480769230769 0.14783653846153846 0.0625 0.17908653846153846
12 0.1971153846153846 0.08533653846153846 0.06009615384615385 0.12620192307692307
7 0.35336538461538464 0.4254807692307692 0.06370192307692307 0.14903846153846154
7 0.18389423076923078 0.15144230769230768 0.057692307692307696 0.14783653846153846
10 0.4098557692307692 0.08533653846153846 0.052884615384615384 0.10576923076923077
10 0.2704326923076923 0.16947115384615385 0.051682692307692304 0.10817307692307693
10 0.2548076923076923 0.3389423076923077 0.052884615384615384 0.109375
10 0.25721153846153844 0.43990384615384615 0.06009615384615385 0.11298076923076923
10 0.24639423076923078 0.6694711538461539 0.0673076923076923 0.12139423076923077