6 0.7632211538461539 0.040865384615384616 0.051682692307692304 0.08173076923076923
4 0.7596153846153846 0.7223557692307693 0.054086538461538464 0.11778846153846154
6 0.8665865384615384 0.7259615384615384 0.07451923076923077 0.1346153846153846
10 0.2512019230769231 0.7271634615384616 0.06009615384615385 0.11057692307692307
12 0.13581730769230768 0.7355769230769231 0.06971153846153846 0.140625
9 0.20552884615384615 0.08653846153846154 0.05889423076923077 0.13221153846153846
3 0.7644230769230769 0.09375 0.056490384615384616 0.12860576923076922
10 0.28365384615384615 0.09975961538461539 0.04326923076923077 0.09495192307692307
4 0.6826923076923077 0.10576923076923077 0.04326923076923077 0.0985576923076923
7 0.18870192307692307 0.1658653846153846 0.05048076923076923 0.13942307692307693
1 0.7728365384615384 0.17427884615384615 0.046875 0.13221153846153846
10 0.28125 0.18870192307692307 0.040865384615384616 0.10096153846153846
4 0.6947115384615384 0.19230769230769232 0.040865384615384616 0.0985576923076923
11 0.18269230769230768 0.24759615384615385 0.06370192307692307 0.17548076923076922
5 0.8052884615384616 0.26322115384615385 0.06850961538461539 0.1658653846153846
10 0.27524038461538464 0.2764423076923077 0.04567307692307692 0.10096153846153846
4 0.7043269230769231 0.27884615384615385 0.04447115384615385 0.10336538461538461
8 0.16826923076923078 0.33653846153846156 0.06850961538461539 0.20072115384615385
2 0.8161057692307693 0.3389423076923077 0.078125 0.18990384615384615
4 0.7175480769230769 0.375 0.04807692307692308 0.10336538461538461
10 0.2776442307692308 0.38100961538461536 0.046875 0.10336538461538461
7 0.15384615384615385 0.4651442307692308 0.05889423076923077 0.13822115384615385
1 0.8305288461538461 0.4723557692307692 0.06610576923076923 0.13822115384615385
4 0.7307692307692307 0.4855769230769231 0.04927884615384615 0.10336538461538461
10 0.2644230769230769 0.49158653846153844 0.04927884615384615 0.10697115384615384
12 0.20673076923076922 0.03245192307692308 0.04807692307692308 0.06370192307692307
10 0.2860576923076923 0.03365384615384615 0.04807692307692308 0.0673076923076923
9 0.16105769230769232 0.5865384615384616 0.06971153846153846 0.1466346153846154
3 0.8521634615384616 0.5961538461538461 0.078125 0.13221153846153846
4 0.7439903846153846 0.5997596153846154 0.056490384615384616 0.10817307692307693
10 0.26322115384615385 0.5997596153846154 0.051682692307692304 0.10817307692307693
4 0.6778846153846154 0.036057692307692304 0.042067307692307696 0.07211538461538461