6 0.7487980769230769 0.04567307692307692 0.055288461538461536 0.09134615384615384
4 0.7451923076923077 0.7259615384615384 0.052884615384615384 0.11778846153846154
6 0.8521634615384616 0.7295673076923077 0.0733173076923077 0.13341346153846154
10 0.2403846153846154 0.7319711538461539 0.05889423076923077 0.11057692307692307
12 0.125 0.7391826923076923 0.06971153846153846 0.13942307692307693
9 0.19471153846153846 0.09495192307692307 0.05889423076923077 0.13221153846153846
3 0.75 0.10096153846153846 0.056490384615384616 0.12860576923076922
10 0.27163461538461536 0.10817307692307693 0.04326923076923077 0.09375
4 0.6694711538461539 0.1141826923076923 0.04326923076923077 0.0985576923076923
7 0.1778846153846154 0.17307692307692307 0.04927884615384615 0.13942307692307693
1 0.7596153846153846 0.1814903846153846 0.04567307692307692 0.13221153846153846
10 0.2692307692307692 0.19591346153846154 0.040865384615384616 0.09975961538461539
4 0.6814903846153846 0.19951923076923078 0.040865384615384616 0.09735576923076923
11 0.171875 0.2548076923076923 0.06370192307692307 0.17427884615384615
5 0.7908653846153846 0.2704326923076923 0.06850961538461539 0.16466346153846154
10 0.2644230769230769 0.28365384615384615 0.04567307692307692 0.10096153846153846
4 0.6899038461538461 0.2848557692307692 0.04447115384615385 0.10216346153846154
8 0.15745192307692307 0.34375 0.06850961538461539 0.19951923076923078
2 0.8016826923076923 0.3449519230769231 0.07692307692307693 0.18870192307692307
4 0.703125 0.38100961538461536 0.04807692307692308 0.10216346153846154
10 0.265625 0.3870192307692308 0.046875 0.10216346153846154
7 0.14302884615384615 0.4699519230769231 0.05889423076923077 0.13701923076923078
1 0.8161057692307693 0.47836538461538464 0.06610576923076923 0.13822115384615385
4 0.7163461538461539 0.49158653846153844 0.04927884615384615 0.10336538461538461
10 0.25240384615384615 0.49759615384615385 0.04927884615384615 0.10697115384615384
12 0.19591346153846154 0.036057692307692304 0.04807692307692308 0.07211538461538461
10 0.27524038461538464 0.037259615384615384 0.04326923076923077 0.0733173076923077
9 0.1502403846153846 0.5913461538461539 0.06850961538461539 0.14543269230769232
3 0.8377403846153846 0.6009615384615384 0.078125 0.13221153846153846
4 0.7295673076923077 0.6045673076923077 0.055288461538461536 0.10817307692307693
10 0.25240384615384615 0.6045673076923077 0.051682692307692304 0.10817307692307693
4 0.6646634615384616 0.040865384615384616 0.04567307692307692 0.08173076923076923