6 0.7439903846153846 0.06490384615384616 0.04927884615384615 0.11057692307692307
4 0.7391826923076923 0.734375 0.051682692307692304 0.11298076923076923
6 0.8425480769230769 0.7379807692307693 0.07091346153846154 0.12860576923076922
10 0.2536057692307692 0.7391826923076923 0.057692307692307696 0.10697115384615384
12 0.14182692307692307 0.7475961538461539 0.0673076923076923 0.1346153846153846
9 0.2091346153846154 0.125 0.056490384615384616 0.12740384615384615
3 0.7451923076923077 0.1310096153846154 0.054086538461538464 0.12379807692307693
10 0.28365384615384615 0.13701923076923078 0.040865384615384616 0.09134615384615384
4 0.6658653846153846 0.14302884615384615 0.040865384615384616 0.09495192307692307
7 0.1935096153846154 0.20072115384615385 0.04807692307692308 0.1346153846153846
1 0.7536057692307693 0.2091346153846154 0.04447115384615385 0.12740384615384615
10 0.28125 0.22235576923076922 0.039663461538461536 0.09615384615384616
4 0.6778846153846154 0.22596153846153846 0.039663461538461536 0.09375
11 0.1875 0.27884615384615385 0.06129807692307692 0.16826923076923078
5 0.7836538461538461 0.29447115384615385 0.06610576923076923 0.15865384615384615
10 0.2764423076923077 0.30649038461538464 0.04447115384615385 0.09735576923076923
4 0.6875 0.3088942307692308 0.04326923076923077 0.0985576923076923
8 0.17307692307692307 0.36538461538461536 0.06610576923076923 0.19230769230769232
2 0.7932692307692307 0.36658653846153844 0.07451923076923077 0.18269230769230768
4 0.6995192307692307 0.4014423076923077 0.04567307692307692 0.0985576923076923
10 0.2776442307692308 0.4074519230769231 0.04447115384615385 0.0985576923076923
7 0.15985576923076922 0.48677884615384615 0.056490384615384616 0.13221153846153846
1 0.8076923076923077 0.4951923076923077 0.06370192307692307 0.13341346153846154
4 0.7127403846153846 0.5072115384615384 0.04807692307692308 0.09975961538461539
10 0.265625 0.5132211538461539 0.04807692307692308 0.10216346153846154
12 0.21033653846153846 0.051682692307692304 0.04567307692307692 0.10216346153846154
10 0.2860576923076923 0.056490384615384616 0.042067307692307696 0.09495192307692307
9 0.1658653846153846 0.6033653846153846 0.06610576923076923 0.140625
3 0.8293269230769231 0.6129807692307693 0.07451923076923077 0.12740384615384615
4 0.7247596153846154 0.6165865384615384 0.054086538461538464 0.10336538461538461
10 0.2644230769230769 0.6165865384615384 0.04927884615384615 0.10336538461538461
4 0.6610576923076923 0.06129807692307692 0.039663461538461536 0.09735576923076923