11 0.35216346153846156 0.14903846153846154 0.06971153846153846 0.18509615384615385
8 0.16706730769230768 0.31490384615384615 0.08052884615384616 0.21153846153846154
9 0.46153846153846156 0.6670673076923077 0.0673076923076923 0.16947115384615385
6 0.27403846153846156 0.0733173076923077 0.06370192307692307 0.12620192307692307
12 0.43509615384615385 0.16466346153846154 0.06009615384615385 0.13822115384615385
7 0.45072115384615385 0.44591346153846156 0.06009615384615385 0.15865384615384615
10 0.2800480769230769 0.17427884615384615 0.04927884615384615 0.1141826923076923
10 0.2644230769230769 0.34975961538461536 0.057692307692307696 0.11778846153846154
10 0.3581730769230769 0.3401442307692308 0.056490384615384616 0.12259615384615384
10 0.3641826923076923 0.578125 0.06009615384615385 0.125
3 0.24639423076923078 0.6658653846153846 0.0733173076923077 0.16706730769230768
1 0.5192307692307693 0.24158653846153846 0.056490384615384616 0.15264423076923078
2 0.7932692307692307 0.31009615384615385 0.0889423076923077 0.21634615384615385
4 0.7019230769230769 0.3557692307692308 0.055288461538461536 0.11177884615384616
4 0.6237980769230769 0.5528846153846154 0.054086538461538464 0.12740384615384615
4 0.5540865384615384 0.6850961538461539 0.0625 0.12259615384615384