11 0.3545673076923077 0.14302884615384615 0.07091346153846154 0.18870192307692307
8 0.16706730769230768 0.3112980769230769 0.08173076923076923 0.21514423076923078
9 0.46634615384615385 0.6694711538461539 0.06850961538461539 0.171875
6 0.2764423076923077 0.06490384615384616 0.06490384615384616 0.12860576923076922
12 0.43990384615384615 0.15865384615384615 0.06009615384615385 0.140625
7 0.45552884615384615 0.44350961538461536 0.06129807692307692 0.16105769230769232
10 0.28125 0.16826923076923078 0.05048076923076923 0.11658653846153846
10 0.2668269230769231 0.34615384615384615 0.05889423076923077 0.11899038461538461
10 0.3605769230769231 0.33653846153846156 0.056490384615384616 0.12379807692307693
10 0.36658653846153844 0.5793269230769231 0.06129807692307692 0.12740384615384615
3 0.24759615384615385 0.6682692307692307 0.07451923076923077 0.17067307692307693
1 0.5252403846153846 0.23677884615384615 0.057692307692307696 0.15625
2 0.8028846153846154 0.30649038461538464 0.09014423076923077 0.21995192307692307
4 0.7115384615384616 0.35216346153846156 0.056490384615384616 0.11298076923076923
4 0.6310096153846154 0.5528846153846154 0.054086538461538464 0.12860576923076922
4 0.5600961538461539 0.6875 0.06370192307692307 0.125