2 0.7728365384615384 0.2920673076923077 0.08173076923076923 0.20432692307692307
6 0.5733173076923077 0.07692307692307693 0.06009615384615385 0.1310096153846154
1 0.5096153846153846 0.2283653846153846 0.056490384615384616 0.1502403846153846
4 0.421875 0.17427884615384615 0.04807692307692308 0.11658653846153846
4 0.6862980769230769 0.3401442307692308 0.051682692307692304 0.1141826923076923
4 0.609375 0.5408653846153846 0.05889423076923077 0.11899038461538461
4 0.5432692307692307 0.6658653846153846 0.06009615384615385 0.12379807692307693
3 0.4362980769230769 0.6538461538461539 0.0673076923076923 0.15504807692307693
3 0.2403846153846154 0.6382211538461539 0.07451923076923077 0.15625
11 0.3473557692307692 0.14543269230769232 0.06009615384615385 0.17668269230769232
12 0.1971153846153846 0.0889423076923077 0.0673076923076923 0.13341346153846154
8 0.16947115384615385 0.30408653846153844 0.07451923076923077 0.20432692307692307
9 0.23557692307692307 0.7896634615384616 0.078125 0.1622596153846154
7 0.4423076923076923 0.43149038461538464 0.06009615384615385 0.14903846153846154
10 0.3485576923076923 0.328125 0.055288461538461536 0.1201923076923077
10 0.27283653846153844 0.16466346153846154 0.04927884615384615 0.1141826923076923
10 0.2620192307692308 0.33653846153846156 0.04807692307692308 0.11538461538461539
10 0.35697115384615385 0.5600961538461539 0.057692307692307696 0.12139423076923077