2 0.7692307692307693 0.29447115384615385 0.08173076923076923 0.203125
6 0.5697115384615384 0.08052884615384616 0.06009615384615385 0.12980769230769232
1 0.5072115384615384 0.23076923076923078 0.056490384615384616 0.1502403846153846
4 0.41947115384615385 0.17668269230769232 0.04807692307692308 0.11658653846153846
4 0.6826923076923077 0.34134615384615385 0.051682692307692304 0.11298076923076923
4 0.6069711538461539 0.5408653846153846 0.057692307692307696 0.11778846153846154
4 0.5396634615384616 0.6646634615384616 0.06009615384615385 0.12259615384615384
3 0.4338942307692308 0.6538461538461539 0.06610576923076923 0.15384615384615385
3 0.23918269230769232 0.6382211538461539 0.0733173076923077 0.15625
11 0.3449519230769231 0.14783653846153846 0.06009615384615385 0.17548076923076922
12 0.19591346153846154 0.09134615384615384 0.06610576923076923 0.13221153846153846
8 0.16826923076923078 0.30528846153846156 0.0733173076923077 0.203125
9 0.234375 0.7884615384615384 0.078125 0.16105769230769232
7 0.43990384615384615 0.4326923076923077 0.06009615384615385 0.14783653846153846
10 0.34615384615384615 0.3293269230769231 0.055288461538461536 0.1201923076923077
10 0.27163461538461536 0.16706730769230768 0.04927884615384615 0.11298076923076923
10 0.25961538461538464 0.33774038461538464 0.04807692307692308 0.11538461538461539
10 0.3545673076923077 0.5600961538461539 0.056490384615384616 0.12139423076923077