2 0.7692307692307693 0.2932692307692308 0.08173076923076923 0.20432692307692307
6 0.5685096153846154 0.078125 0.06009615384615385 0.1310096153846154
1 0.5060096153846154 0.22956730769230768 0.056490384615384616 0.1502403846153846
4 0.4170673076923077 0.17548076923076922 0.04807692307692308 0.11658653846153846
4 0.6814903846153846 0.34134615384615385 0.051682692307692304 0.1141826923076923
4 0.6057692307692307 0.5420673076923077 0.05889423076923077 0.11899038461538461
4 0.5384615384615384 0.6670673076923077 0.06009615384615385 0.12379807692307693
3 0.43149038461538464 0.6550480769230769 0.0673076923076923 0.15504807692307693
3 0.23557692307692307 0.640625 0.07451923076923077 0.15625
11 0.3425480769230769 0.1466346153846154 0.06009615384615385 0.17668269230769232
12 0.19230769230769232 0.09014423076923077 0.0673076923076923 0.13341346153846154
8 0.16466346153846154 0.30528846153846156 0.07451923076923077 0.20432692307692307
9 0.23197115384615385 0.7908653846153846 0.078125 0.1622596153846154
7 0.4375 0.4326923076923077 0.06009615384615385 0.14903846153846154
10 0.34375 0.3293269230769231 0.055288461538461536 0.1201923076923077
10 0.2692307692307692 0.1658653846153846 0.04927884615384615 0.1141826923076923
10 0.25721153846153844 0.33774038461538464 0.04807692307692308 0.11538461538461539
10 0.35216346153846156 0.5612980769230769 0.057692307692307696 0.12139423076923077