3 0.7067307692307693 0.6298076923076923 0.07572115384615384 0.14783653846153846
6 0.8365384615384616 0.7512019230769231 0.078125 0.14182692307692307
2 0.7848557692307693 0.3762019230769231 0.07932692307692307 0.20793269230769232
5 0.5877403846153846 0.29927884615384615 0.06490384615384616 0.1875
6 0.578125 0.06129807692307692 0.052884615384615384 0.1201923076923077
9 0.5793269230769231 0.1310096153846154 0.055288461538461536 0.13581730769230768
9 0.4266826923076923 0.4014423076923077 0.06370192307692307 0.140625
4 0.5072115384615384 0.06490384615384616 0.04807692307692308 0.10697115384615384
4 0.6706730769230769 0.23197115384615385 0.05048076923076923 0.10336538461538461
4 0.6550480769230769 0.14543269230769232 0.04927884615384615 0.10096153846153846
4 0.6923076923076923 0.4110576923076923 0.052884615384615384 0.11177884615384616
4 0.6995192307692307 0.5168269230769231 0.056490384615384616 0.11298076923076923
4 0.6322115384615384 0.7572115384615384 0.0673076923076923 0.11538461538461539
4 0.5060096153846154 0.30288461538461536 0.04927884615384615 0.11177884615384616
8 0.1502403846153846 0.3713942307692308 0.078125 0.20432692307692307
12 0.18509615384615385 0.052884615384615384 0.057692307692307696 0.10576923076923077
12 0.23317307692307693 0.7608173076923077 0.07211538461538461 0.14423076923076922
7 0.13341346153846154 0.4963942307692308 0.06850961538461539 0.14543269230769232
11 0.16466346153846154 0.28125 0.06971153846153846 0.1778846153846154
9 0.3473557692307692 0.1971153846153846 0.06129807692307692 0.14182692307692307
9 0.13942307692307693 0.6165865384615384 0.0733173076923077 0.15144230769230768
10 0.421875 0.30649038461538464 0.046875 0.10576923076923077
10 0.265625 0.054086538461538464 0.04927884615384615 0.10096153846153846
10 0.2620192307692308 0.22716346153846154 0.051682692307692304 0.11057692307692307
10 0.2536057692307692 0.421875 0.054086538461538464 0.10697115384615384
10 0.2439903846153846 0.5240384615384616 0.056490384615384616 0.10576923076923077
10 0.24158653846153846 0.6298076923076923 0.057692307692307696 0.11177884615384616
10 0.4338942307692308 0.7524038461538461 0.05889423076923077 0.11899038461538461