3 0.7175480769230769 0.6117788461538461 0.07451923076923077 0.14543269230769232
6 0.8461538461538461 0.7319711538461539 0.07692307692307693 0.140625
2 0.7944711538461539 0.36177884615384615 0.078125 0.20432692307692307
5 0.6009615384615384 0.28725961538461536 0.06490384615384616 0.18509615384615385
6 0.5913461538461539 0.056490384615384616 0.052884615384615384 0.11177884615384616
9 0.5913461538461539 0.12139423076923077 0.055288461538461536 0.13341346153846154
9 0.4411057692307692 0.38822115384615385 0.0625 0.13942307692307693
4 0.5216346153846154 0.056490384615384616 0.046875 0.10576923076923077
4 0.6814903846153846 0.21995192307692307 0.04927884615384615 0.10216346153846154
4 0.6670673076923077 0.1346153846153846 0.04807692307692308 0.09975961538461539
4 0.703125 0.39663461538461536 0.051682692307692304 0.11057692307692307
4 0.7103365384615384 0.5012019230769231 0.056490384615384616 0.11057692307692307
4 0.6442307692307693 0.7379807692307693 0.06610576923076923 0.1141826923076923
4 0.5204326923076923 0.29086538461538464 0.04927884615384615 0.109375
8 0.16826923076923078 0.3581730769230769 0.07692307692307693 0.20072115384615385
12 0.203125 0.04807692307692308 0.056490384615384616 0.09615384615384616
12 0.2512019230769231 0.7415865384615384 0.07091346153846154 0.14182692307692307
7 0.15264423076923078 0.48197115384615385 0.06850961538461539 0.14302884615384615
11 0.18389423076923078 0.2692307692307692 0.06850961538461539 0.17427884615384615
9 0.3629807692307692 0.18629807692307693 0.06009615384615385 0.13942307692307693
9 0.15865384615384615 0.5985576923076923 0.07211538461538461 0.14903846153846154
10 0.4375 0.29447115384615385 0.04567307692307692 0.1045673076923077
10 0.28365384615384615 0.04807692307692308 0.04927884615384615 0.09615384615384616
10 0.27884615384615385 0.21634615384615385 0.051682692307692304 0.10817307692307693
10 0.2704326923076923 0.4074519230769231 0.052884615384615384 0.10576923076923077
10 0.2620192307692308 0.5084134615384616 0.056490384615384616 0.1045673076923077
10 0.25961538461538464 0.6117788461538461 0.057692307692307696 0.109375
10 0.4483173076923077 0.7331730769230769 0.057692307692307696 0.11778846153846154