3 0.7115384615384616 0.6081730769230769 0.07451923076923077 0.14543269230769232
6 0.8389423076923077 0.7283653846153846 0.07692307692307693 0.140625
2 0.7884615384615384 0.359375 0.078125 0.20432692307692307
5 0.5949519230769231 0.28365384615384615 0.06490384615384616 0.18509615384615385
6 0.5853365384615384 0.055288461538461536 0.055288461538461536 0.11057692307692307
9 0.5853365384615384 0.11778846153846154 0.055288461538461536 0.13341346153846154
9 0.43509615384615385 0.38461538461538464 0.0625 0.13942307692307693
4 0.515625 0.052884615384615384 0.046875 0.10576923076923077
4 0.6754807692307693 0.21754807692307693 0.04927884615384615 0.10216346153846154
4 0.6610576923076923 0.13221153846153846 0.04807692307692308 0.09975961538461539
4 0.6971153846153846 0.39302884615384615 0.051682692307692304 0.11057692307692307
4 0.7043269230769231 0.49759615384615385 0.056490384615384616 0.11057692307692307
4 0.6382211538461539 0.734375 0.06610576923076923 0.1141826923076923
4 0.5132211538461539 0.28725961538461536 0.04927884615384615 0.109375
8 0.1622596153846154 0.3545673076923077 0.07692307692307693 0.20072115384615385
12 0.1971153846153846 0.046875 0.056490384615384616 0.09254807692307693
12 0.2439903846153846 0.7391826923076923 0.07091346153846154 0.14182692307692307
7 0.1466346153846154 0.47836538461538464 0.06850961538461539 0.14302884615384615
11 0.1778846153846154 0.265625 0.06850961538461539 0.17427884615384615
9 0.35697115384615385 0.18389423076923078 0.06009615384615385 0.13942307692307693
9 0.15264423076923078 0.5961538461538461 0.07211538461538461 0.14903846153846154
10 0.43149038461538464 0.29086538461538464 0.04567307692307692 0.1045673076923077
10 0.2764423076923077 0.046875 0.04927884615384615 0.09254807692307693
10 0.27283653846153844 0.2127403846153846 0.051682692307692304 0.10817307692307693
10 0.2644230769230769 0.40384615384615385 0.052884615384615384 0.10576923076923077
10 0.25600961538461536 0.5060096153846154 0.056490384615384616 0.1045673076923077
10 0.25240384615384615 0.6081730769230769 0.057692307692307696 0.109375
10 0.4423076923076923 0.7295673076923077 0.057692307692307696 0.11778846153846154