6 0.859375 0.7487980769230769 0.07932692307692307 0.14182692307692307
2 0.8245192307692307 0.49278846153846156 0.09495192307692307 0.2127403846153846
5 0.6117788461538461 0.2932692307692308 0.06610576923076923 0.18269230769230768
9 0.515625 0.12980769230769232 0.06850961538461539 0.13581730769230768
4 0.53125 0.057692307692307696 0.04927884615384615 0.10336538461538461
4 0.7127403846153846 0.4098557692307692 0.055288461538461536 0.11899038461538461
4 0.6899038461538461 0.2247596153846154 0.057692307692307696 0.10697115384615384
4 0.5264423076923077 0.30408653846153844 0.05048076923076923 0.109375
4 0.640625 0.5108173076923077 0.057692307692307696 0.11778846153846154
3 0.4483173076923077 0.39903846153846156 0.06370192307692307 0.14302884615384615
9 0.15745192307692307 0.6117788461538461 0.078125 0.15144230769230768
11 0.36538461538461536 0.2920673076923077 0.0673076923076923 0.17548076923076922
8 0.2704326923076923 0.3713942307692308 0.07932692307692307 0.20432692307692307
10 0.26322115384615385 0.6298076923076923 0.06009615384615385 0.11658653846153846
12 0.2548076923076923 0.7620192307692307 0.07211538461538461 0.14302884615384615
12 0.20432692307692307 0.051682692307692304 0.06370192307692307 0.10336538461538461
10 0.28365384615384615 0.052884615384615384 0.055288461538461536 0.10576923076923077
10 0.44471153846153844 0.30528846153846156 0.05889423076923077 0.109375
10 0.28846153846153844 0.21875 0.04927884615384615 0.11778846153846154
7 0.44591346153846156 0.6117788461538461 0.06971153846153846 0.15384615384615385
10 0.4543269230769231 0.7536057692307693 0.06129807692307692 0.12259615384615384