6 0.8401442307692307 0.7295673076923077 0.07692307692307693 0.13701923076923078
2 0.8052884615384616 0.48197115384615385 0.09254807692307693 0.20673076923076922
5 0.5997596153846154 0.28846153846153844 0.06370192307692307 0.1778846153846154
9 0.5060096153846154 0.12980769230769232 0.06610576923076923 0.13221153846153846
4 0.5216346153846154 0.06009615384615385 0.04807692307692308 0.10096153846153846
4 0.6971153846153846 0.4014423076923077 0.054086538461538464 0.11538461538461539
4 0.6754807692307693 0.22235576923076922 0.056490384615384616 0.10336538461538461
4 0.5168269230769231 0.29927884615384615 0.04807692307692308 0.10697115384615384
4 0.6274038461538461 0.5 0.055288461538461536 0.1141826923076923
3 0.4411057692307692 0.390625 0.06129807692307692 0.13822115384615385
9 0.15985576923076922 0.5973557692307693 0.07572115384615384 0.14783653846153846
11 0.3605769230769231 0.28725961538461536 0.06610576923076923 0.17067307692307693
8 0.2692307692307692 0.3641826923076923 0.07692307692307693 0.19831730769230768
10 0.2620192307692308 0.6141826923076923 0.05889423076923077 0.11298076923076923
12 0.2536057692307692 0.7427884615384616 0.06971153846153846 0.13822115384615385
12 0.20432692307692307 0.051682692307692304 0.0625 0.10336538461538461
10 0.2824519230769231 0.054086538461538464 0.055288461538461536 0.10817307692307693
10 0.4375 0.3004807692307692 0.057692307692307696 0.10576923076923077
10 0.2860576923076923 0.21634615384615385 0.04807692307692308 0.1141826923076923
7 0.4387019230769231 0.5961538461538461 0.0673076923076923 0.14903846153846154
10 0.44711538461538464 0.7355769230769231 0.05889423076923077 0.11899038461538461