6 0.8389423076923077 0.7463942307692307 0.078125 0.140625
2 0.8040865384615384 0.49399038461538464 0.09375 0.21033653846153846
5 0.59375 0.2956730769230769 0.06490384615384616 0.1814903846153846
9 0.4987980769230769 0.1346153846153846 0.0673076923076923 0.1346153846153846
4 0.5144230769230769 0.0625 0.04807692307692308 0.10216346153846154
4 0.6935096153846154 0.4110576923076923 0.055288461538461536 0.11778846153846154
4 0.6706730769230769 0.2283653846153846 0.057692307692307696 0.10576923076923077
4 0.5096153846153846 0.3076923076923077 0.04927884615384615 0.10817307692307693
4 0.6213942307692307 0.5120192307692307 0.056490384615384616 0.11658653846153846
3 0.43149038461538464 0.40024038461538464 0.0625 0.14182692307692307
9 0.14423076923076922 0.6117788461538461 0.078125 0.1502403846153846
11 0.34975961538461536 0.29447115384615385 0.0673076923076923 0.17427884615384615
8 0.25600961538461536 0.3737980769230769 0.07932692307692307 0.20192307692307693
10 0.24879807692307693 0.6286057692307693 0.06009615384615385 0.11538461538461539
12 0.2403846153846154 0.7596153846153846 0.07091346153846154 0.14182692307692307
12 0.19110576923076922 0.054086538461538464 0.06370192307692307 0.10817307692307693
10 0.2692307692307692 0.055288461538461536 0.055288461538461536 0.11057692307692307
10 0.42788461538461536 0.3088942307692308 0.05889423076923077 0.10817307692307693
10 0.27403846153846156 0.22235576923076922 0.04807692307692308 0.11658653846153846
7 0.42908653846153844 0.6105769230769231 0.06971153846153846 0.15144230769230768
10 0.4387019230769231 0.7524038461538461 0.06009615384615385 0.12139423076923077