6 0.8413461538461539 0.734375 0.07932692307692307 0.14182692307692307
2 0.8112980769230769 0.48677884615384615 0.08052884615384616 0.20552884615384615
4 0.5228365384615384 0.06370192307692307 0.04567307692307692 0.10697115384615384
3 0.4411057692307692 0.3942307692307692 0.0673076923076923 0.140625
8 0.2668269230769231 0.3713942307692308 0.07572115384615384 0.20552884615384615
11 0.3605769230769231 0.28966346153846156 0.0673076923076923 0.18870192307692307
5 0.5985576923076923 0.29086538461538464 0.0673076923076923 0.1778846153846154
4 0.6646634615384616 0.140625 0.04927884615384615 0.109375
4 0.6754807692307693 0.22115384615384615 0.05048076923076923 0.109375
4 0.6995192307692307 0.4050480769230769 0.052884615384615384 0.10697115384615384
4 0.625 0.5060096153846154 0.06129807692307692 0.11899038461538461
4 0.515625 0.2956730769230769 0.054086538461538464 0.11658653846153846
9 0.5060096153846154 0.12980769230769232 0.06610576923076923 0.1502403846153846
9 0.1622596153846154 0.6009615384615384 0.07572115384615384 0.15264423076923078
12 0.2548076923076923 0.7463942307692307 0.08533653846153846 0.14783653846153846
12 0.20432692307692307 0.054086538461538464 0.06129807692307692 0.10817307692307693
7 0.4387019230769231 0.5997596153846154 0.0673076923076923 0.14903846153846154
10 0.4362980769230769 0.29927884615384615 0.054086538461538464 0.10096153846153846
10 0.28365384615384615 0.052884615384615384 0.05048076923076923 0.0985576923076923
10 0.28365384615384615 0.21394230769230768 0.051682692307692304 0.11658653846153846
10 0.2608173076923077 0.6153846153846154 0.0625 0.11778846153846154
10 0.4495192307692308 0.7391826923076923 0.06009615384615385 0.11538461538461539