6 0.8341346153846154 0.7620192307692307 0.08173076923076923 0.1466346153846154
2 0.8028846153846154 0.5036057692307693 0.08413461538461539 0.2127403846153846
4 0.5024038461538461 0.06610576923076923 0.04807692307692308 0.11177884615384616
3 0.4182692307692308 0.40865384615384615 0.07091346153846154 0.14543269230769232
8 0.23677884615384615 0.38461538461538464 0.07932692307692307 0.2127403846153846
11 0.33413461538461536 0.29927884615384615 0.06971153846153846 0.19591346153846154
5 0.5817307692307693 0.3016826923076923 0.06971153846153846 0.18509615384615385
4 0.6502403846153846 0.1466346153846154 0.05048076923076923 0.1141826923076923
4 0.6610576923076923 0.22956730769230768 0.051682692307692304 0.11298076923076923
4 0.6862980769230769 0.41947115384615385 0.054086538461538464 0.11057692307692307
4 0.609375 0.5252403846153846 0.0625 0.12259615384615384
4 0.4963942307692308 0.30649038461538464 0.055288461538461536 0.12139423076923077
9 0.4855769230769231 0.1346153846153846 0.06850961538461539 0.15504807692307693
9 0.12860576923076922 0.6237980769230769 0.078125 0.15865384615384615
12 0.2247596153846154 0.7740384615384616 0.08774038461538461 0.15264423076923078
12 0.17307692307692307 0.056490384615384616 0.06370192307692307 0.11298076923076923
7 0.41586538461538464 0.6213942307692307 0.06971153846153846 0.15504807692307693
10 0.41346153846153844 0.31009615384615385 0.056490384615384616 0.1045673076923077
10 0.2548076923076923 0.054086538461538464 0.052884615384615384 0.10216346153846154
10 0.2548076923076923 0.22115384615384615 0.054086538461538464 0.1201923076923077
10 0.23076923076923078 0.6382211538461539 0.06490384615384616 0.12259615384615384
10 0.42788461538461536 0.7668269230769231 0.0625 0.11899038461538461