6 0.8629807692307693 0.7403846153846154 0.08052884615384616 0.14543269230769232
2 0.8329326923076923 0.4855769230769231 0.0829326923076923 0.21033653846153846
4 0.5360576923076923 0.054086538461538464 0.046875 0.10697115384615384
3 0.4519230769230769 0.390625 0.06971153846153846 0.14423076923076922
8 0.27283653846153844 0.36658653846153844 0.078125 0.21033653846153846
11 0.36899038461538464 0.28365384615384615 0.06850961538461539 0.1935096153846154
5 0.6141826923076923 0.2848557692307692 0.06850961538461539 0.18269230769230768
4 0.6814903846153846 0.1310096153846154 0.05048076923076923 0.11298076923076923
4 0.6923076923076923 0.21394230769230768 0.051682692307692304 0.11177884615384616
4 0.7175480769230769 0.4014423076923077 0.054086538461538464 0.109375
4 0.640625 0.5060096153846154 0.0625 0.12139423076923077
4 0.5288461538461539 0.28966346153846156 0.055288461538461536 0.1201923076923077
9 0.5192307692307693 0.1201923076923077 0.0673076923076923 0.15384615384615385
9 0.1658653846153846 0.6033653846153846 0.07692307692307693 0.15625
12 0.2608173076923077 0.7524038461538461 0.08774038461538461 0.15144230769230768
12 0.2091346153846154 0.04927884615384615 0.0625 0.09735576923076923
7 0.4495192307692308 0.6009615384615384 0.06850961538461539 0.15264423076923078
10 0.44711538461538464 0.2932692307692308 0.055288461538461536 0.10336538461538461
10 0.29086538461538464 0.04567307692307692 0.052884615384615384 0.09134615384615384
10 0.29086538461538464 0.20552884615384615 0.052884615384615384 0.11899038461538461
10 0.2668269230769231 0.6177884615384616 0.06490384615384616 0.1201923076923077
10 0.46153846153846156 0.7451923076923077 0.06129807692307692 0.11778846153846154