2 0.7644230769230769 0.3088942307692308 0.09375 0.21514423076923078
3 0.640625 0.7980769230769231 0.0889423076923077 0.17067307692307693
6 0.65625 0.16466346153846154 0.0625 0.14423076923076922
4 0.6959134615384616 0.5600961538461539 0.0625 0.12139423076923077
4 0.5048076923076923 0.3581730769230769 0.055288461538461536 0.1201923076923077
1 0.5228365384615384 0.5576923076923077 0.0625 0.15745192307692307
1 0.3317307692307692 0.1502403846153846 0.07211538461538461 0.1658653846153846
8 0.1502403846153846 0.4074519230769231 0.09375 0.21995192307692307
10 0.32091346153846156 0.5612980769230769 0.06009615384615385 0.12620192307692307
9 0.16826923076923078 0.1466346153846154 0.0733173076923077 0.17307692307692307
7 0.49038461538461536 0.06971153846153846 0.06370192307692307 0.13942307692307693
7 0.11899038461538461 0.6634615384615384 0.07572115384615384 0.15985576923076922