2 0.7644230769230769 0.28125 0.09254807692307693 0.2127403846153846
3 0.6430288461538461 0.765625 0.08774038461538461 0.16947115384615385
6 0.6574519230769231 0.13942307692307693 0.0625 0.14302884615384615
4 0.6971153846153846 0.5300480769230769 0.06129807692307692 0.1201923076923077
4 0.5084134615384616 0.33052884615384615 0.054086538461538464 0.11899038461538461
1 0.5264423076923077 0.5276442307692307 0.06129807692307692 0.15504807692307693
1 0.33653846153846156 0.125 0.07211538461538461 0.16466346153846154
8 0.15625 0.3798076923076923 0.09254807692307693 0.21754807692307693
10 0.3269230769230769 0.5324519230769231 0.06009615384615385 0.125
9 0.17548076923076922 0.12139423076923077 0.0733173076923077 0.17067307692307693
7 0.49399038461538464 0.057692307692307696 0.0625 0.1141826923076923
7 0.12620192307692307 0.6334134615384616 0.07572115384615384 0.15865384615384615