2 0.7836538461538461 0.3016826923076923 0.09375 0.21634615384615385
3 0.6598557692307693 0.7944711538461539 0.0889423076923077 0.171875
6 0.6742788461538461 0.15745192307692307 0.06370192307692307 0.14543269230769232
4 0.7151442307692307 0.5540865384615384 0.0625 0.12259615384615384
4 0.5228365384615384 0.35096153846153844 0.055288461538461536 0.12139423076923077
1 0.5408653846153846 0.5516826923076923 0.0625 0.15745192307692307
1 0.3485576923076923 0.14302884615384615 0.0733173076923077 0.16706730769230768
8 0.1658653846153846 0.4014423076923077 0.09495192307692307 0.22115384615384615
10 0.3389423076923077 0.5564903846153846 0.06009615384615385 0.12740384615384615
9 0.18389423076923078 0.13942307692307693 0.07451923076923077 0.17307692307692307
7 0.5084134615384616 0.06610576923076923 0.06370192307692307 0.13221153846153846
7 0.1346153846153846 0.6586538461538461 0.07692307692307693 0.16105769230769232