6 0.8581730769230769 0.7475961538461539 0.0733173076923077 0.140625
2 0.7403846153846154 0.5949519230769231 0.09014423076923077 0.21995192307692307
5 0.6153846153846154 0.27884615384615385 0.07091346153846154 0.1778846153846154
4 0.6995192307692307 0.2127403846153846 0.046875 0.11057692307692307
4 0.6418269230769231 0.5 0.051682692307692304 0.11899038461538461
4 0.53125 0.28725961538461536 0.051682692307692304 0.11177884615384616
3 0.453125 0.38341346153846156 0.07572115384615384 0.1466346153846154
11 0.3713942307692308 0.27403846153846156 0.06850961538461539 0.18990384615384615
8 0.2764423076923077 0.34615384615384615 0.0733173076923077 0.2127403846153846
10 0.44711538461538464 0.2848557692307692 0.057692307692307696 0.11298076923076923
10 0.37740384615384615 0.1201923076923077 0.052884615384615384 0.11057692307692307
10 0.29447115384615385 0.04326923076923077 0.04927884615384615 0.08533653846153846
10 0.2644230769230769 0.6009615384615384 0.06490384615384616 0.12980769230769232
12 0.19591346153846154 0.18509615384615385 0.06490384615384616 0.13341346153846154
12 0.6586538461538461 0.7271634615384616 0.07572115384615384 0.15865384615384615