6 0.8918269230769231 0.7704326923076923 0.07451923076923077 0.14302884615384615
2 0.7728365384615384 0.6153846153846154 0.09134615384615384 0.22355769230769232
5 0.6454326923076923 0.29447115384615385 0.07211538461538461 0.18028846153846154
4 0.7307692307692307 0.22596153846153846 0.04807692307692308 0.11177884615384616
4 0.671875 0.5180288461538461 0.052884615384615384 0.1201923076923077
4 0.5600961538461539 0.30288461538461536 0.052884615384615384 0.1141826923076923
3 0.4807692307692308 0.39903846153846156 0.07692307692307693 0.14903846153846154
11 0.39783653846153844 0.28846153846153844 0.06971153846153846 0.1935096153846154
8 0.3016826923076923 0.3629807692307692 0.07451923076923077 0.21634615384615385
10 0.47475961538461536 0.3004807692307692 0.05889423076923077 0.11538461538461539
10 0.40384615384615385 0.13221153846153846 0.054086538461538464 0.11177884615384616
10 0.31850961538461536 0.04927884615384615 0.05048076923076923 0.09735576923076923
10 0.28846153846153844 0.6213942307692307 0.06610576923076923 0.13221153846153846
12 0.21875 0.19831730769230768 0.06610576923076923 0.1346153846153846
12 0.6887019230769231 0.75 0.07692307692307693 0.1622596153846154