6 0.8485576923076923 0.7692307692307693 0.0733173076923077 0.14302884615384615
2 0.7295673076923077 0.6153846153846154 0.09134615384615384 0.22235576923076922
5 0.6033653846153846 0.296875 0.07211538461538461 0.17908653846153846
4 0.6887019230769231 0.2283653846153846 0.04807692307692308 0.11177884615384616
4 0.6298076923076923 0.5192307692307693 0.052884615384615384 0.1201923076923077
4 0.5180288461538461 0.30528846153846156 0.051682692307692304 0.11298076923076923
3 0.4387019230769231 0.4014423076923077 0.07692307692307693 0.14783653846153846
11 0.35697115384615385 0.29086538461538464 0.06850961538461539 0.19230769230769232
8 0.2608173076923077 0.3641826923076923 0.07451923076923077 0.21514423076923078
10 0.4338942307692308 0.30288461538461536 0.05889423076923077 0.1141826923076923
10 0.3629807692307692 0.13581730769230768 0.054086538461538464 0.11177884615384616
10 0.2776442307692308 0.05048076923076923 0.05048076923076923 0.10096153846153846
10 0.24759615384615385 0.6225961538461539 0.06610576923076923 0.1310096153846154
12 0.17908653846153846 0.20192307692307693 0.06610576923076923 0.1346153846153846
12 0.6466346153846154 0.75 0.07692307692307693 0.16105769230769232