2 0.7728365384615384 0.296875 0.08173076923076923 0.20552884615384615
1 0.5961538461538461 0.15504807692307693 0.056490384615384616 0.14543269230769232
6 0.5745192307692307 0.08173076923076923 0.05889423076923077 0.11899038461538461
6 0.5168269230769231 0.24158653846153846 0.06490384615384616 0.12379807692307693
3 0.4387019230769231 0.24639423076923078 0.057692307692307696 0.13341346153846154
4 0.4206730769230769 0.17908653846153846 0.052884615384615384 0.10697115384615384
4 0.6875 0.3401442307692308 0.05048076923076923 0.109375
4 0.6081730769230769 0.5420673076923077 0.052884615384615384 0.11778846153846154
4 0.7439903846153846 0.7872596153846154 0.06129807692307692 0.11899038461538461
4 0.5420673076923077 0.6682692307692307 0.06129807692307692 0.12620192307692307
3 0.44350961538461536 0.7836538461538461 0.0733173076923077 0.16826923076923078
8 0.15745192307692307 0.40865384615384615 0.08533653846153846 0.20793269230769232
12 0.1935096153846154 0.07932692307692307 0.06490384615384616 0.1346153846153846
9 0.234375 0.7932692307692307 0.0829326923076923 0.16346153846153846
11 0.34134615384615385 0.14543269230769232 0.06850961538461539 0.18389423076923078
7 0.1814903846153846 0.1466346153846154 0.05889423076923077 0.14302884615384615
7 0.3545673076923077 0.42788461538461536 0.06129807692307692 0.14783653846153846
10 0.5048076923076923 0.15625 0.054086538461538464 0.11057692307692307
10 0.27163461538461536 0.16346153846153846 0.057692307692307696 0.11538461538461539
10 0.25600961538461536 0.33533653846153844 0.052884615384615384 0.11057692307692307
10 0.2536057692307692 0.4362980769230769 0.06129807692307692 0.1141826923076923
10 0.3557692307692308 0.5625 0.0625 0.12139423076923077