2 0.7800480769230769 0.29447115384615385 0.08413461538461539 0.2127403846153846
1 0.5973557692307693 0.14783653846153846 0.05889423076923077 0.1502403846153846
6 0.5745192307692307 0.07091346153846154 0.06129807692307692 0.12379807692307693
6 0.515625 0.23798076923076922 0.0673076923076923 0.12860576923076922
3 0.43509615384615385 0.24278846153846154 0.06009615384615385 0.13822115384615385
4 0.41466346153846156 0.17307692307692307 0.054086538461538464 0.11057692307692307
4 0.6923076923076923 0.3401442307692308 0.052884615384615384 0.11298076923076923
4 0.609375 0.5492788461538461 0.054086538461538464 0.12259615384615384
4 0.7512019230769231 0.8028846153846154 0.06370192307692307 0.12379807692307693
4 0.5420673076923077 0.6802884615384616 0.06370192307692307 0.12980769230769232
3 0.4387019230769231 0.7992788461538461 0.07692307692307693 0.17427884615384615
8 0.14182692307692307 0.4110576923076923 0.0889423076923077 0.21634615384615385
12 0.18028846153846154 0.06971153846153846 0.06850961538461539 0.13942307692307693
9 0.22235576923076922 0.8088942307692307 0.08533653846153846 0.17067307692307693
11 0.3329326923076923 0.13822115384615385 0.07091346153846154 0.19110576923076922
7 0.16706730769230768 0.13942307692307693 0.06129807692307692 0.14783653846153846
7 0.34615384615384615 0.43028846153846156 0.06370192307692307 0.15264423076923078
10 0.5024038461538461 0.14903846153846154 0.056490384615384616 0.11538461538461539
10 0.2608173076923077 0.15745192307692307 0.06009615384615385 0.11899038461538461
10 0.2439903846153846 0.33413461538461536 0.054086538461538464 0.1141826923076923
10 0.24158653846153846 0.43990384615384615 0.06370192307692307 0.11778846153846154
10 0.3473557692307692 0.5697115384615384 0.06490384615384616 0.12620192307692307