2 0.7764423076923077 0.29447115384615385 0.08413461538461539 0.21153846153846154
1 0.59375 0.14783653846153846 0.057692307692307696 0.14903846153846154
6 0.5721153846153846 0.07211538461538461 0.06129807692307692 0.12259615384615384
6 0.5120192307692307 0.23798076923076922 0.06610576923076923 0.12740384615384615
3 0.4326923076923077 0.24278846153846154 0.06009615384615385 0.13822115384615385
4 0.41225961538461536 0.17307692307692307 0.054086538461538464 0.109375
4 0.6887019230769231 0.3389423076923077 0.051682692307692304 0.11298076923076923
4 0.6069711538461539 0.5480769230769231 0.054086538461538464 0.12139423076923077
4 0.7463942307692307 0.8004807692307693 0.06370192307692307 0.12259615384615384
4 0.5384615384615384 0.6778846153846154 0.06370192307692307 0.12980769230769232
3 0.4362980769230769 0.796875 0.07572115384615384 0.17307692307692307
8 0.140625 0.4098557692307692 0.08774038461538461 0.21514423076923078
12 0.17908653846153846 0.07091346153846154 0.0673076923076923 0.13822115384615385
9 0.22115384615384615 0.8064903846153846 0.08533653846153846 0.16947115384615385
11 0.33052884615384615 0.13822115384615385 0.07091346153846154 0.18990384615384615
7 0.1658653846153846 0.13942307692307693 0.06129807692307692 0.14783653846153846
7 0.34375 0.42908653846153844 0.0625 0.15264423076923078
10 0.5 0.1502403846153846 0.055288461538461536 0.1141826923076923
10 0.25841346153846156 0.15745192307692307 0.05889423076923077 0.11899038461538461
10 0.24278846153846154 0.33413461538461536 0.054086538461538464 0.1141826923076923
10 0.2403846153846154 0.4387019230769231 0.06370192307692307 0.11778846153846154
10 0.34615384615384615 0.5685096153846154 0.06490384615384616 0.125