5 0.7992788461538461 0.26802884615384615 0.078125 0.17307692307692307
2 0.8052884615384616 0.3473557692307692 0.078125 0.19951923076923078
6 0.8581730769230769 0.7307692307692307 0.078125 0.13942307692307693
6 0.7536057692307693 0.04326923076923077 0.046875 0.08533653846153846
1 0.7680288461538461 0.17908653846153846 0.04927884615384615 0.14302884615384615
1 0.7211538461538461 0.6045673076923077 0.06370192307692307 0.14302884615384615
4 0.6694711538461539 0.036057692307692304 0.04567307692307692 0.07211538461538461
4 0.6875 0.19831730769230768 0.042067307692307696 0.1045673076923077
4 0.6742788461538461 0.11057692307692307 0.042067307692307696 0.09975961538461539
4 0.7223557692307693 0.49038461538461536 0.055288461538461536 0.10096153846153846
4 0.7091346153846154 0.3786057692307692 0.04567307692307692 0.109375
4 0.6526442307692307 0.7355769230769231 0.05048076923076923 0.11057692307692307
4 0.625 0.6081730769230769 0.054086538461538464 0.11538461538461539
4 0.5192307692307693 0.27283653846153844 0.046875 0.1045673076923077
3 0.5949519230769231 0.09495192307692307 0.054086538461538464 0.13341346153846154
3 0.4411057692307692 0.36658653846153844 0.05889423076923077 0.1502403846153846
11 0.171875 0.24759615384615385 0.06370192307692307 0.17668269230769232
8 0.15625 0.33774038461538464 0.0673076923076923 0.1971153846153846
7 0.1778846153846154 0.16947115384615385 0.05048076923076923 0.13942307692307693
7 0.14182692307692307 0.4723557692307692 0.057692307692307696 0.13822115384615385
9 0.35697115384615385 0.16947115384615385 0.051682692307692304 0.14903846153846154
9 0.14783653846153846 0.5925480769230769 0.07091346153846154 0.14783653846153846
12 0.24158653846153846 0.7379807692307693 0.06370192307692307 0.14302884615384615
12 0.19471153846153846 0.03485576923076923 0.04807692307692308 0.06971153846153846
10 0.27524038461538464 0.03365384615384615 0.040865384615384616 0.0673076923076923
10 0.27403846153846156 0.09975961538461539 0.040865384615384616 0.09254807692307693
10 0.2704326923076923 0.19230769230769232 0.040865384615384616 0.09615384615384616
10 0.2644230769230769 0.28125 0.04567307692307692 0.10336538461538461
10 0.2644230769230769 0.3870192307692308 0.04927884615384615 0.10216346153846154
10 0.25240384615384615 0.49399038461538464 0.04927884615384615 0.10576923076923077
10 0.2512019230769231 0.6033653846153846 0.051682692307692304 0.109375
10 0.44591346153846156 0.7307692307692307 0.054086538461538464 0.11899038461538461