5 0.7776442307692307 0.3004807692307692 0.07692307692307693 0.17067307692307693
2 0.7836538461538461 0.37740384615384615 0.07692307692307693 0.1971153846153846
6 0.8365384615384616 0.7548076923076923 0.07692307692307693 0.13701923076923078
6 0.7331730769230769 0.0625 0.04567307692307692 0.11298076923076923
1 0.7475961538461539 0.21153846153846154 0.04927884615384615 0.140625
1 0.7019230769230769 0.6310096153846154 0.06370192307692307 0.140625
4 0.6502403846153846 0.055288461538461536 0.04447115384615385 0.10096153846153846
4 0.6670673076923077 0.23076923076923078 0.042067307692307696 0.10216346153846154
4 0.6550480769230769 0.14423076923076922 0.040865384615384616 0.0985576923076923
4 0.703125 0.5180288461538461 0.054086538461538464 0.0985576923076923
4 0.6899038461538461 0.40865384615384615 0.04447115384615385 0.10697115384615384
4 0.6334134615384616 0.7596153846153846 0.05048076923076923 0.10817307692307693
4 0.6069711538461539 0.6334134615384616 0.052884615384615384 0.11298076923076923
4 0.5024038461538461 0.30408653846153844 0.04567307692307692 0.10336538461538461
3 0.5769230769230769 0.12860576923076922 0.052884615384615384 0.13221153846153846
3 0.4266826923076923 0.39663461538461536 0.057692307692307696 0.1466346153846154
11 0.16105769230769232 0.27884615384615385 0.06370192307692307 0.17427884615384615
8 0.14543269230769232 0.36778846153846156 0.0673076923076923 0.1935096153846154
7 0.16706730769230768 0.203125 0.04927884615384615 0.13822115384615385
7 0.13221153846153846 0.5012019230769231 0.057692307692307696 0.13581730769230768
9 0.3425480769230769 0.20192307692307693 0.05048076923076923 0.1466346153846154
9 0.13701923076923078 0.6177884615384616 0.06971153846153846 0.14543269230769232
12 0.22956730769230768 0.7620192307692307 0.0625 0.140625
12 0.1814903846153846 0.051682692307692304 0.04567307692307692 0.10336538461538461
10 0.2608173076923077 0.051682692307692304 0.037259615384615384 0.09495192307692307
10 0.2620192307692308 0.1346153846153846 0.040865384615384616 0.09134615384615384
10 0.25841346153846156 0.2247596153846154 0.039663461538461536 0.09495192307692307
10 0.25240384615384615 0.3125 0.04567307692307692 0.10216346153846154
10 0.2512019230769231 0.41586538461538464 0.04807692307692308 0.10096153846153846
10 0.2403846153846154 0.5216346153846154 0.04807692307692308 0.1045673076923077
10 0.23918269230769232 0.6298076923076923 0.05048076923076923 0.10817307692307693
10 0.43028846153846156 0.7548076923076923 0.052884615384615384 0.11658653846153846