5 0.7956730769230769 0.28966346153846156 0.07211538461538461 0.1658653846153846
2 0.8028846153846154 0.3629807692307692 0.078125 0.18990384615384615
6 0.8533653846153846 0.7307692307692307 0.0733173076923077 0.13822115384615385
6 0.7524038461538461 0.056490384615384616 0.052884615384615384 0.11177884615384616
1 0.7644230769230769 0.203125 0.04807692307692308 0.13341346153846154
1 0.71875 0.6141826923076923 0.06129807692307692 0.12620192307692307
4 0.7091346153846154 0.3942307692307692 0.04447115384615385 0.09735576923076923
4 0.7199519230769231 0.5012019230769231 0.04927884615384615 0.1045673076923077
4 0.6514423076923077 0.7391826923076923 0.051682692307692304 0.10216346153846154
4 0.6262019230769231 0.6129807692307693 0.051682692307692304 0.109375
4 0.6875 0.22115384615384615 0.04326923076923077 0.09495192307692307
4 0.6742788461538461 0.13701923076923078 0.039663461538461536 0.09134615384615384
4 0.6682692307692307 0.05048076923076923 0.040865384615384616 0.10096153846153846
3 0.5973557692307693 0.12259615384615384 0.04807692307692308 0.13341346153846154
3 0.6382211538461539 0.47836538461538464 0.0625 0.140625
4 0.5240384615384616 0.2956730769230769 0.04447115384615385 0.10336538461538461
11 0.19110576923076922 0.2692307692307692 0.06129807692307692 0.16947115384615385
8 0.17548076923076922 0.35697115384615385 0.0673076923076923 0.1971153846153846
7 0.16346153846153846 0.484375 0.056490384615384616 0.13701923076923078
7 0.19591346153846154 0.19230769230769232 0.051682692307692304 0.13341346153846154
9 0.3713942307692308 0.19110576923076922 0.06009615384615385 0.15144230769230768
9 0.17067307692307693 0.5961538461538461 0.06850961538461539 0.15384615384615385
10 0.4579326923076923 0.7355769230769231 0.052884615384615384 0.10697115384615384
10 0.2644230769230769 0.6141826923076923 0.057692307692307696 0.1045673076923077
10 0.26802884615384615 0.5144230769230769 0.057692307692307696 0.109375
10 0.27884615384615385 0.4050480769230769 0.055288461538461536 0.10096153846153846
10 0.28125 0.30288461538461536 0.05889423076923077 0.0985576923076923
10 0.28365384615384615 0.21394230769230768 0.051682692307692304 0.09375
10 0.28966346153846156 0.12980769230769232 0.051682692307692304 0.09134615384615384
10 0.28966346153846156 0.04807692307692308 0.038461538461538464 0.09615384615384616
12 0.21153846153846154 0.04927884615384615 0.052884615384615384 0.0985576923076923
12 0.25841346153846156 0.7391826923076923 0.0625 0.1346153846153846