5 0.8088942307692307 0.27884615384615385 0.07451923076923077 0.16947115384615385
2 0.8149038461538461 0.3545673076923077 0.08052884615384616 0.19471153846153846
6 0.8677884615384616 0.7319711538461539 0.07451923076923077 0.140625
6 0.7632211538461539 0.04927884615384615 0.054086538461538464 0.09735576923076923
1 0.7752403846153846 0.18990384615384615 0.04927884615384615 0.13701923076923078
1 0.7295673076923077 0.6117788461538461 0.0625 0.12980769230769232
4 0.71875 0.3870192307692308 0.04567307692307692 0.09975961538461539
4 0.7307692307692307 0.4963942307692308 0.05048076923076923 0.10697115384615384
4 0.6610576923076923 0.7403846153846154 0.052884615384615384 0.1045673076923077
4 0.6346153846153846 0.6117788461538461 0.052884615384615384 0.11177884615384616
4 0.6971153846153846 0.2091346153846154 0.04447115384615385 0.09735576923076923
4 0.6838942307692307 0.12259615384615384 0.040865384615384616 0.09375
4 0.6778846153846154 0.04326923076923077 0.042067307692307696 0.08653846153846154
3 0.6045673076923077 0.10697115384615384 0.04927884615384615 0.13701923076923078
3 0.6466346153846154 0.4735576923076923 0.06370192307692307 0.14423076923076922
4 0.5300480769230769 0.2848557692307692 0.04567307692307692 0.10697115384615384
11 0.1875 0.25841346153846156 0.0625 0.17307692307692307
8 0.171875 0.3473557692307692 0.06850961538461539 0.20192307692307693
7 0.15985576923076922 0.47836538461538464 0.057692307692307696 0.140625
7 0.19230769230769232 0.18028846153846154 0.052884615384615384 0.13701923076923078
9 0.37259615384615385 0.1778846153846154 0.06129807692307692 0.15504807692307693
9 0.1658653846153846 0.59375 0.07091346153846154 0.15865384615384615
10 0.46153846153846156 0.7379807692307693 0.054086538461538464 0.109375
10 0.26322115384615385 0.6129807692307693 0.05889423076923077 0.10817307692307693
10 0.265625 0.5096153846153846 0.06009615384615385 0.11298076923076923
10 0.2776442307692308 0.39783653846153844 0.056490384615384616 0.10336538461538461
10 0.2800480769230769 0.2920673076923077 0.06009615384615385 0.10096153846153846
10 0.28365384615384615 0.20192307692307693 0.052884615384615384 0.09615384615384616
10 0.28846153846153844 0.11538461538461539 0.052884615384615384 0.09375
10 0.28846153846153844 0.040865384615384616 0.039663461538461536 0.08173076923076923
12 0.2091346153846154 0.040865384615384616 0.051682692307692304 0.08173076923076923
12 0.25600961538461536 0.7415865384615384 0.06370192307692307 0.13822115384615385