5 0.7884615384615384 0.2920673076923077 0.07572115384615384 0.16706730769230768
2 0.7932692307692307 0.36778846153846156 0.07572115384615384 0.19230769230769232
6 0.8449519230769231 0.7367788461538461 0.07572115384615384 0.1346153846153846
6 0.7439903846153846 0.06009615384615385 0.04447115384615385 0.11057692307692307
1 0.7584134615384616 0.20552884615384615 0.04807692307692308 0.13822115384615385
1 0.7127403846153846 0.6165865384615384 0.06129807692307692 0.13822115384615385
4 0.6622596153846154 0.052884615384615384 0.04326923076923077 0.0985576923076923
4 0.6802884615384616 0.2247596153846154 0.040865384615384616 0.10096153846153846
4 0.6682692307692307 0.13942307692307693 0.040865384615384616 0.09615384615384616
4 0.7139423076923077 0.5060096153846154 0.052884615384615384 0.09735576923076923
4 0.7007211538461539 0.39783653846153844 0.04447115384615385 0.1045673076923077
4 0.6466346153846154 0.7427884615384616 0.04927884615384615 0.10697115384615384
4 0.6201923076923077 0.6189903846153846 0.051682692307692304 0.11057692307692307
4 0.5180288461538461 0.296875 0.04447115384615385 0.10096153846153846
3 0.5913461538461539 0.12379807692307693 0.051682692307692304 0.12860576923076922
3 0.44350961538461536 0.3870192307692308 0.056490384615384616 0.14423076923076922
11 0.18389423076923078 0.27163461538461536 0.06129807692307692 0.17067307692307693
8 0.16826923076923078 0.3581730769230769 0.06490384615384616 0.18990384615384615
7 0.18990384615384615 0.1971153846153846 0.04807692307692308 0.1346153846153846
7 0.15504807692307693 0.4891826923076923 0.056490384615384616 0.13341346153846154
9 0.36177884615384615 0.19591346153846154 0.04927884615384615 0.14302884615384615
9 0.15985576923076922 0.6045673076923077 0.06850961538461539 0.14302884615384615
12 0.2512019230769231 0.7439903846153846 0.06129807692307692 0.13822115384615385
12 0.20432692307692307 0.04927884615384615 0.04447115384615385 0.0985576923076923
10 0.28125 0.04927884615384615 0.037259615384615384 0.09254807692307693
10 0.2824519230769231 0.12980769230769232 0.039663461538461536 0.09014423076923077
10 0.27884615384615385 0.21875 0.039663461538461536 0.09254807692307693
10 0.27283653846153844 0.30408653846153844 0.04447115384615385 0.09975961538461539
10 0.27283653846153844 0.40625 0.046875 0.0985576923076923
10 0.2608173076923077 0.5096153846153846 0.04807692307692308 0.10216346153846154
10 0.25961538461538464 0.6141826923076923 0.04927884615384615 0.10576923076923077
10 0.4483173076923077 0.7379807692307693 0.051682692307692304 0.1141826923076923