5 0.8245192307692307 0.30649038461538464 0.07572115384615384 0.171875
2 0.8317307692307693 0.38221153846153844 0.08173076923076923 0.1971153846153846
6 0.8846153846153846 0.7644230769230769 0.07572115384615384 0.14302884615384615
6 0.7788461538461539 0.06370192307692307 0.054086538461538464 0.11778846153846154
1 0.7920673076923077 0.21634615384615385 0.04927884615384615 0.13822115384615385
1 0.7451923076923077 0.6430288461538461 0.06370192307692307 0.1310096153846154
4 0.734375 0.41466346153846156 0.046875 0.10096153846153846
4 0.7463942307692307 0.5264423076923077 0.051682692307692304 0.10817307692307693
4 0.6754807692307693 0.7728365384615384 0.054086538461538464 0.10576923076923077
4 0.6490384615384616 0.6418269230769231 0.054086538461538464 0.11298076923076923
4 0.7115384615384616 0.23557692307692307 0.04447115384615385 0.09735576923076923
4 0.6995192307692307 0.14783653846153846 0.042067307692307696 0.09495192307692307
4 0.6923076923076923 0.05889423076923077 0.042067307692307696 0.1045673076923077
3 0.6189903846153846 0.13221153846153846 0.05048076923076923 0.13822115384615385
3 0.6610576923076923 0.5024038461538461 0.06490384615384616 0.1466346153846154
4 0.5432692307692307 0.3125 0.04567307692307692 0.10817307692307693
11 0.1971153846153846 0.2860576923076923 0.06370192307692307 0.17548076923076922
8 0.18028846153846154 0.3762019230769231 0.06971153846153846 0.20432692307692307
7 0.16826923076923078 0.5084134615384616 0.057692307692307696 0.14182692307692307
7 0.20192307692307693 0.20673076923076922 0.054086538461538464 0.13822115384615385
9 0.38461538461538464 0.20432692307692307 0.06129807692307692 0.15625
9 0.17548076923076922 0.6237980769230769 0.07211538461538461 0.15985576923076922
10 0.4735576923076923 0.7692307692307693 0.055288461538461536 0.11057692307692307
10 0.27283653846153844 0.6430288461538461 0.06009615384615385 0.109375
10 0.2764423076923077 0.5396634615384616 0.06009615384615385 0.1141826923076923
10 0.28725961538461536 0.4254807692307692 0.056490384615384616 0.1045673076923077
10 0.29086538461538464 0.31971153846153844 0.06129807692307692 0.10216346153846154
10 0.2932692307692308 0.2283653846153846 0.054086538461538464 0.09735576923076923
10 0.29927884615384615 0.140625 0.054086538461538464 0.09495192307692307
10 0.29927884615384615 0.055288461538461536 0.039663461538461536 0.09975961538461539
12 0.21875 0.054086538461538464 0.052884615384615384 0.10817307692307693
12 0.2668269230769231 0.7740384615384616 0.06490384615384616 0.13942307692307693